3.5588
5.9292
5.671000001
3.9212
4.6776
6.7488
7.4282
2.4644
2.9544
5.574
5.6344
5.738
5.8768
4.3036
4.1512
5.3618
3.8502
4.0614
4.0196
5.2288
5.7036
4.978600001
6.4142
4.0904
2.941
5.0334
4.8778
4.1278
3.1496
5.1636
4.666
4.2262
4.0058
6.3244
4.849
3.7604
4.3094
6.7158
5.9024
4.0872
4.3044
6.4916
5.3456
3.7816
6.203000001
7.9634
8.9426
5.3342
4.6358
5.4952
6.162
6.1594
3.3806
3.4432
3.9358
4.4366
4.8612
4.956000001
3.7382
6.383600001
6.3142
7.3084
5.826
4.5988
2.462
5.8358
4.8204
4.8842
5.7326
5.122000001
4.478600001
4.6964
3.611000001
4.1424
6.9434
3.6778
4.325
4.8238
4.3314
4.3494
4.8154
4.3936
4.1688
4.7356
4.3472
7.429000001
7.5882
6.7222
5.5606
4.9378
3.6794
7.031
4.2218
4.1364
6.8388
5.8576
4.276
5.5456
3.7448
4.9686
6.2618
4.9804
4.4876
8.0326
8.553
9.5972
9.9104
5.855
7.9944
8.6066
6.5222
6.676000001
6.279000001
6.1648
5.907000001
5.1412
3.702
4.3906
6.0658
3.7832
5.4994
7.0076
8.4996
5.2084
5.6512
6.0006
9.214000001
7.4484
6.4896
7.5726
10.821
4.377000001
8.2738
4.5486
5.2272
4.591
5.6164
5.6658
9.3288
7.3692
9.7602
9.540000001
10.289
4.5738
7.715
6.687000001
5.6108
5.959000001
7.0184
8.2994
8.3384
5.9396
8.7962
7.7914
7.3674
10.4852
8.7686
6.1556
6.7946
5.4756
5.563
6.8588
6.1552
4.3468
3.7314
5.878
7.4238
10.4296
4.171000001
5.3848
9.0132
6.749
7.4836
5.3102
6.8308
5.3954
8.0634
7.7364
7.9966
8.2418
7.8986
5.8602
6.8034
11.515
9.1062
7.6584
6.910600001
8.1136
8.1222
6.7578
10.2258
3.8056
3.7316
4.1806
3.9874
5.7138
6.160000001
6.929000001
3.9314
3.8934
6.9368
5.8462
7.3668
5.7014
8.68
10.2792
9.1056
8.8136
7.8948
7.5776
4.785000001
10.7178
10.3382
8.9268
9.0524
7.9328
10.2418
11.3024
10.157
10.0396
8.3698
5.2854
6.2144
4.4324
3.875
10.6044
7.5726
6.2126
5.7518
5.9564
5.404000001
9.111000001
6.394
6.2544
6.6094
6.6894
7.3316
8.7204
8.7568
6.9606
6.0828
5.7274
5.2418
8.3934
8.1368
4.8312
3.8444
5.765
5.5208
9.4054
8.665000001
8.5302
6.5022
8.0042
7.1724
7.668000001
5.9378
5.4778
4.4472
11.6216
10.373
6.661
4.4264
4.2688
7.4066
3.9324
4.6312
6.459000001
5.119000001
10.6798
4.829
8.9138
7.1012
6.6914
8.0034
5.4326
6.076
9.1828
11.9498
9.0696
8.5702
9.7826
12.8198
8.5408
6.4014
5.9796
7.1958
5.815000001
10.1118
5.319
6.7942
8.978600001
8.6058
5.8816
8.3664
9.6662
11.1662
8.9056
6.7698
6.9342
6.4892
5.3658
5.2658
8.7328
8.632
7.5016
5.5826
6.6844
6.7602
8.2894
6.2778
6.719
7.3222
6.622000001
6.0618
5.7558
6.1004
6.6184
4.489000001
9.2468
8.5848
5.71
6.7172
7.7548
9.1268
5.6482
5.7052
5.9148
8.018
7.8738
12.7012
6.2462
9.0244
8.9564
8.4998
8.2794
10.4678
7.1948
9.5714
4.8598
7.4816
8.0532
7.5948
8.738
9.1494
8.7982
6.2094
6.2942
6.1142
6.5414
8.9112
6.7824
6.9444
7.8976
7.8544
8.2142
6.6164
8.4438
8.5436
6.9044
8.355
7.685
5.872600001
7.471
7.1802
6.1034
8.0806
8.7562
9.969
8.9534
8.4898
6.686
8.7932
7.71
7.912
13.1102
10.5846
9.8656
10.7202
9.0724
12.3616
13.8462
10.6802
9.3774
9.9998
10.7594
7.7142
8.4062
11.9238
11.694
11.8716
9.0308
6.925
9.571
8.7478
7.565000001
6.0746
9.9428
7.4368
6.8366
6.8066
7.0486
6.741000001
9.5372
7.7514
7.7574
6.7782
4.943
4.820000001
8.0914
5.9886
8.075
11.2392
10.3588
9.3344
10.6502
10.4436
8.8074
8.6598
9.0438
8.8522
5.3034
4.7386
5.84
5.2124
5.229
5.2582
5.1636
6.5186
6.7474
6.7898
8.229
6.5122
5.0298
6.5248
6.5862
7.4422
7.8476
5.0852
6.9964
8.1554
7.8498
8.0666
6.1764
5.6904
6.2428
6.4732
6.9826
11.2788
7.4958
8.0834
6.583
6.044
5.8926
6.4148
7.4542
6.9568
8.8246
6.2026
7.6664
6.3438
4.5518
7.119000001
4.7454
3.9056
4.7872
8.8052
10.2078
11.0384
12.2774
8.0226
9.1378
7.1938
6.2882
5.136
6.4836
6.511
5.0176
7.3206
8.3706
8.0332
5.3774
5.6758
7.1514
6.5528
5.8996
6.852
9.4184
11.2442
6.9952
6.3996
9.9562
5.8178
8.6018
10.4386
9.7694
7.3206
10.3296
8.0034
8.6338
7.2218
9.4962
6.1586
7.948000001
6.6112
7.6774
8.2076
9.519
5.7696
6.5922
7.31
8.164
6.1414
8.0936
8.9502
10.6068
10.8392
10.7656
9.7846
8.8418
6.4668
6.0096
5.8524
5.2962
6.9144
6.5662
8.0028
6.082
9.3948
7.4242
6.0046
5.7872
4.638000001
9.2768
9.4506
10.3396
9.9982
7.6834
7.2242
9.6026
9.851
8.2198
8.9344
7.8938
8.7818
7.323600001
9.2406
5.8076
10.9488
8.9818
9.2974
10.0166
12.288
9.506
8.268
3.4666
7.1682
6.3488
5.5612
4.7398
7.1156
8.4756
6.3388
7.119000001
7.1364
8.103600001
7.714000001
8.8902
6.7558
7.6268
7.9564
7.6156
7.2002
5.6546
6.3674
9.2626
6.3396
10.5168
7.1588
9.2598
8.0606
11.663
9.5788
6.9412
8.0812
8.9292
6.761
7.1244
5.7824
8.5
6.7262
5.031
5.929000001
7.0392
7.1498
6.0056
7.6176
6.5438
7.2946
8.3404
5.824
5.6714
7.921000001
5.5004
8.063
6.0028
5.5026
7.5696
7.0914
8.1462
7.7356
12.8436
10.3646
10.6934
10.5626
10.4978
11.2122
8.5804
6.7156
5.5028
10.2734
7.8436
5.3458
7.4846
9.0906
6.266000001
6.3872
6.7226
9.1106
11.7578
11.203
6.259
10.1992
8.9206
9.889
5.7248
7.645
4.3808
6.3816
7.8812
7.642
5.3512
6.2582
9.4164
7.8284
8.1298
7.337
9.5114
9.0992
7.492
9.3846
7.7322
5.2098
4.9108
4.7534
5.8416
6.1612
8.9972
7.1424
5.987
6.5258
7.84
5.5194
10.999
8.8496
7.8254
7.4792
7.6464
8.375
8.1196
10.1948
9.0578
8.1824
7.6754
6.106
8.056
6.188
8.1372
6.8368
9.5088
5.074
10.9278
4.7894
4.7166
7.6318
4.6872
4.6594
9.7326
9.652600001
5.5316
9.688
7.6858
10.4896
9.837
8.4894
7.5296
8.5398
11.102
13.4186
7.8608
9.3558
6.0132
7.7046
9.065000001
10.6806
8.7232
9.7192
6.4908
8.8744
6.3226
8.2918
6.8546
14.4418
8.6262
9.4442
9.0116
7.4168
7.68
7.5554
7.5664
5.7278
7.1426
6.8934
6.4604
6.067
6.9692
7.5092
9.5618
10.279
6.7604
5.904000001
5.671600001
7.8378
5.3814
6.9508
6.8516
7.9176
8.4774
8.2556
5.4038
8.67
8.3402
7.5922
7.4498
8.811
6.0582
4.6576
6.725000001
5.741000001
6.7622
8.5854
8.5958
8.3444
6.2078
6.8866
7.8312
12.513
10.9772
9.4496
6.0562
9.8024
8.3392
10.2362
9.5014
5.220000001
6.508600001
7.6588
7.83
7.8796
7.8724
7.287
9.1656
7.2658
6.1972
6.6614
8.8218
5.9246
6.085
7.849
5.6762
7.1326
6.9466
6.4696
6.8352
10.1878
9.793000001
7.2098
8.5298
6.8126
10.1674
11.5134
8.2414
10.1714
12.0232
5.8506
8.279000001
4.8728
8.725000001
6.867
5.8242
5.3284
7.6574
6.4304
13.1734
8.861000001
6.691
8.8816
8.1366
7.5936
7.108000001
10.4546
9.33
8.2736
7.6244
8.0268
12.5106
8.2794
10.8172
6.5782
6.2508
11.4032
12.5928
12.224
8.5934
10.0658
14.6066
8.467000001
7.719
9.2102
12.6232
9.7602
9.5982
11.1174
6.1114
6.917
9.7196
10.0748
7.711
11.0368
9.2926
8.268
9.3152
7.2182
6.9436
9.4068
11.1372
7.3354
8.8592
7.548000001
6.8842
6.100000001
7.1616
9.8432
9.655
9.6458
9.6202
6.215
5.71
9.6504
9.4418
7.4716
8.842600001
8.546000001
8.4714
7.909
7.9012
6.1106
8.451
7.7272
6.9554
6.4912
8.6434
10.9434
11.3424
9.5938
15.2684
16.5386
11.2548
10.9276
11.6142
8.2436
6.7364
5.8712
7.2364
7.5996
7.8446
8.3712
11.2584
7.9122
5.6706
6.8642
9.2626
8.0998
10.44
8.2768
6.4578
6.8986
9.6506
8.784
11.9926
5.7226
13.2082
10.4918
6.761
9.875
9.9902
11.3876
7.5822
9.3518
9.247000001
6.1604
11.9664
9.3008
8.993
10.2888
7.1752
7.8666
12.4892
6.6882
7.3304
6.7388
5.3694
4.3786
11.7086
8.4622
7.1074
9.1482
9.161
6.829
8.2438
9.6412
12.0202
13.2956
12.8488
10.1936
8.8064
10.4216
6.404000001
10.3488
9.8852
10.5694
9.0122
6.297
6.2206
5.858000001
7.1798
8.3844
7.2574
8.4556
9.651
6.6798
7.7828
8.6616
5.1572
5.4954
7.2038
6.093
5.0352
9.3382
9.5554
5.4068
8.2354
6.1732
6.0026
8.7758
7.8946
7.553
7.0684
8.5436
6.5698
7.0336
6.427
11.6908
9.6696
7.5544
9.0658
15.0716
12.1342
12.2218
12.4526
11.2392
6.8544
10.505
8.1872
4.701
5.2834
6.6396
8.1122
7.1312
11.1642
5.7182
6.7618
6.8648
10.9352
5.1312
5.4418
8.940000001
12.8056
10.688
7.6096
10.7558
9.8402
9.7886
10.3356
10.835
5.5854
7.9504
5.469
9.641000001
10.46
12.4618
7.9728
11.8066
9.6886
10.7428
8.9188
6.879
6.104
7.9472
9.1366
8.8388
10.4126
9.366000001
7.7348
6.6618
8.8804
8.5028
7.7862
7.5112
10.1442
6.1688
9.884
13.4304
11.4458
11.6592
12.6222
11.5326
10.6258
11.6446
8.412
10.0874
6.8216
8.5014
6.667
10.2676
9.504
9.917
12.2748
8.6858
10.0404
11.4176
7.7912
12.1702
9.839000001
11.5786
9.6942
10.3656
7.8598
9.43
6.6338
8.7248
8.714000001
8.7402
6.494000001
10.0872
7.0672
8.4316
8.4966
6.4162
6.9682
7.8746
7.7894
7.131
9.499
7.9108
7.9318
8.8582
8.6698
8.7066
8.5346
8.168000001
10.8336
9.0792
5.0498
8.1154
9.1316
8.2558
5.8186
5.348
4.7038
7.0744
7.8116
8.4578
10.2056
5.2914
6.6456
7.4332
5.8808
4.8492
4.5474
6.8186
6.6858
11.3502
8.4782
7.6108
8.854
8.3254
5.407000001
8.1594
10.4688
7.8064
8.6834
7.5008
8.0384
7.9204
7.58
12.4504
7.3608
9.0404
5.687000001
7.985
6.7554
7.426000001
8.8824
10.6054
7.6924
6.524000001
9.8048
11.1394
7.8442
9.018
8.8152
11.3104
8.1828
8.0792
8.243
9.392
6.412
8.7762
6.1358
8.399000001
8.6236
7.5372
7.1946
8.4612
8.7424
5.8688
8.4306
8.8462
7.9178
7.6452
8.834000001
6.8612
8.043000001
7.8464
10.601
10.4996
10.1508
6.872600001
8.5632
8.556
7.789
9.5206
7.5472
8.6904
8.704
11.4128
11.1376
7.5056
8.4586
7.2672
6.906
8.7662
7.3974
7.2904
5.3558
10.5412
10.4574
7.305
8.1814
8.955
5.0598
9.743
8.2942
7.8368
6.5364
6.3312
7.3238
6.8786
5.9894
4.3204
7.4702
5.2022
6.0096
10.9822
10.6018
7.3398
4.6134
9.0972
8.4874
5.6814
7.3198
7.5146
8.0844
6.6654
7.242
6.8118
11.323
10.3766
11.733
11.8788
5.9052
7.7708
10.3726
5.0224
8.9442
8.8012
7.7124
8.614000001
4.8322
9.6232
7.8498
6.1448
7.0822
9.8242
9.1066
9.3412
8.3136
8.4768
9.0694
7.9404
8.2376
5.6494
15.091
14.5528
11.9646
12.85
11.0248
10.7448
9.0564
9.4442
10.1036
6.9332
10.2476
8.437000001
8.8056
13.7566
9.1054
9.8522
7.2122
9.2624
9.3618
7.4708
11.0234
9.940600001
9.7466
9.4712
6.8036
11.552
10.7038
9.1492
8.9208
8.6956
4.5114
6.8846
11.4536
10.9758
9.266000001
6.4712
4.931
8.5224
10.4912
8.644
7.9546
12.5484
6.5584
9.7116
13.9014
9.368
11.9582
14.0322
10.8678
6.6534
13.0682
10.7626
8.274000001
9.2382
5.5342
7.7354
8.5562
10.6854
10.7186
10.6984
9.6834
9.7848
8.3484
9.2862
8.522
10.8996
10.9152
10.8188
11.4104
9.9666
9.3118
9.4262
10.1558
6.3702
9.6376
9.9582
9.4824
9.7132
7.7986
3.9322
12.6552
9.7246
9.3514
10.852
10.8478
14.676
11.6964
9.3144
9.410000001
14.0944
11.7806
9.49
11.0736
10.0542
9.3452
6.1714
12.3618
7.0572
6.7252
9.8706
9.3378
6.325
6.7648
9.682
10.2336
10.325
5.5462
10.2304
7.7986
12.0804
14.7624
8.5132
11.5942
7.276
11.0544
8.9042
7.2752
6.0102
11.3772
10.032
9.1894
9.6572
6.4318
7.0416
5.9696
7.1904
7.3264
7.4388
7.1496
7.9612
6.948600001
4.424
9.9112
10.0912
6.9732
7.9788
4.5032
7.6146
7.7508
5.508000001
8.0206
8.0366
5.6904
8.0734
7.0696
7.8714
11.3612
8.7408
11.6328
6.0894
7.6192
10.5298
8.3492
7.2946
9.104
7.538
4.5734
4.4964
4.025
6.7958
7.0586
4.508000001
6.736000001
7.5066
5.029000001
9.368
7.7398
6.6362
11.1742
8.5524
8.6474
5.7936
8.1266
5.5794
6.6928
7.2996
6.3388
10.2794
6.9378
6.758000001
6.3256
8.5152
7.3666
8.9188
5.9378
5.896000001
4.2068
7.433
4.0426
9.988
7.1148
8.3576
10.549
8.2004
6.6604
8.2768
5.3544
9.2812
8.7178
6.9126
6.2202
7.1154
5.7606
6.1856
6.304600001
3.9546
5.5916
5.664
4.9872
6.6806
8.8888
8.2854
7.1876
7.953000001
9.2474
9.5944
6.8442
5.416
6.185
4.8564
4.7386
4.7892
7.3276
5.9116
5.8574
6.6166
5.8028
7.728000001
7.0692
6.5056
9.1878
8.7188
6.7878
7.7716
6.6746
5.9788
5.4348
5.2668
5.7894
6.192
6.7596
5.8188
7.3714
6.2328
5.9144
6.4088
6.0238
5.2708
6.5688
7.033
6.376
6.1054
5.7128
7.1088
5.0116
6.9862
5.615
9.1328
7.9338
9.4048
7.7042
10.6768
5.1008
5.266000001
6.2284
7.9648
5.1706
4.3506
9.2258
7.4868
7.8504
7.0122
6.7428
6.6742
5.857
7.7548
7.9396
7.3124
5.453000001
8.698600001
5.8796
7.8872
7.1332
5.5814
5.9242
6.257
4.9374
7.23
8.4864
8.3894
7.9796
6.285600001
4.6598
5.7894
7.6398
8.143
6.0212
6.4048
7.937000001
6.2154
9.0538
9.0316
4.9836
6.9876
6.7194
9.3264
9.4582
5.0986
4.929000001
5.8394
7.105
8.9114
6.9564
7.8006
10.4734
10.5582
8.6688
11.1856
5.834000001
5.2758
6.509
2.9224
5.6018
7.152600001
5.6686
4.932
6.5254
6.088
6.0006
6.893
7.3028
8.0464
7.3266
7.7428
7.8932
8.4226
9.4084
8.660000001
10.0928
7.9638
7.3194
6.0984
6.9144
4.7976
5.6976
9.465
6.6574
9.362
6.7318
6.7632
6.0816
6.3696
6.3612
5.39
3.6486
5.5208
8.4408
4.1388
4.9158
7.0802
4.945000001
4.2154
5.9114
7.577
6.3566
6.192
7.3246
5.15
5.033
6.0004
3.487
5.739000001
5.7868
5.4232
3.4234
6.911
7.1888
5.5304
6.1184
6.3308
6.0018
6.0202
5.476
4.4932
4.7774
3.5088
3.844
5.2196
5.8186
5.6564
5.152000001
6.6794
5.68
7.494000001
5.2506
9.8214
7.4724
5.0202
7.4582
7.0368
4.595000001
3.6398
6.8548
5.1642
4.2336
3.5668
7.144
6.948000001
4.3276
6.8204
6.2638
4.9532
6.3276
6.0826
6.1326
8.629
9.0614
9.5354
8.654000001
5.6408
7.2978
9.6948
7.0304
8.0978
7.6312
7.1124
6.6242
5.0144
5.5664
6.0288
4.702
8.5754
4.837
5.8178
5.7954
3.9908
5.2858
5.0288
7.5468
6.2534
4.659
6.0784
6.3786
6.1062
6.0034
5.4432
4.2596
5.5014
6.2304
8.1798
7.065600001
8.467000001
6.023
6.8894
7.038
4.1724
7.419
8.7004
11.2158
8.5396
8.7484
9.4626
9.0228
8.4398
4.8066
6.804000001
6.5036
6.1454
6.719
5.0464
8.5224
6.6622
8.2404
5.6576
4.535000001
5.8516
5.0268
5.2958
8.7092
6.508600001
4.8764
5.06
6.1662
5.811
6.4048
6.386
6.2926
7.1214
4.0046
9.6628
9.779000001
9.4174
4.5734
7.635000001
7.742
9.2908
9.1264
4.9376
5.1088
10.6018
4.8794
6.3294
8.3294
6.9914
7.2876
6.2336
9.8378
6.996
8.160600001
8.0164
5.1834
7.2462
9.407000001
7.3082
7.3148
7.5348
7.8624
9.278
9.9054
7.5666
6.6952
5.263000001
6.3394
6.71
5.774000001
5.7972
6.9948
6.910600001
6.0224
7.8026
4.4752
5.3972
8.405
7.3682
8.6046
10.812
4.924
9.1314
6.4632
6.1084
6.4956
5.6384
4.7408
4.2274
7.371
6.4832
8.6598
5.9484
7.8034
7.6876
6.305
7.8184
9.5102
6.7878
6.3976
7.9496
10.0814
8.3244
6.8204
6.092000001
5.6208
8.2424
6.8186
5.9776
5.7126
7.8484
6.0138
6.7204
6.3602
6.339000001
5.1078
5.2166
5.4746
5.252000001
4.4226
6.621
6.6886
6.391600001
4.127000001
7.9784
5.5862
7.302
4.3468
4.42
6.3566
7.5098
5.1332
7.992
7.5008
6.692
7.2546
6.215
8.5604
6.872600001
7.2506
5.842000001
5.849
5.6724
6.658
8.1732
5.8208
7.3444
5.1194
10.2806
8.0118
6.9858
8.5272
10.2428
6.0684
8.6692
11.3622
9.1296
5.3664
11.5856
10.028
9.783
4.177
8.4254
7.054600001
9.070000001
5.422
7.7674
9.5866
7.1408
6.3888
7.8254
4.3502
13.2116
12.303
6.312000001
5.7704
5.747600001
9.1702
10.869
6.2002
12.2208
8.7524
8.7234
8.5084
11.7926
10.5304
9.7032
9.8516
6.4718
7.6572
7.5932
10.2522
6.033
9.0552
9.2884
11.4974
15.1702
11.4178
9.0526
10.9486
11.0576
7.2648
6.6962
6.3296
5.6532
8.7612
9.2136
9.8504
8.2898
9.2178
9.3922
5.7378
7.5316
8.3904
9.0158
10.0248
8.0224
4.9724
8.566
10.6526
9.3918
7.9534
11.447
5.7402
9.0126
9.3728
8.934000001
9.7334
10.169
9.3462
10.025
8.6652
8.2746
6.0176
8.864000001
8.0684
7.5426
7.3684
11.488
7.5914
6.4938
7.5626
4.790000001
5.417
5.7232
5.634
6.848
8.182
6.9458
9.166
8.7188
7.5986
6.3266
7.4892
9.5452
7.639
5.9382
8.5042
5.2842
5.1184
6.7684
7.2104
6.916
6.3956
7.3846
8.3418
12.0966
9.1764
9.0412
8.0214
7.3556
6.341
7.625
7.8694
7.775
8.8254
8.7566
7.4378
8.5946
5.6616
8.0292
9.3176
7.1114
5.9102
5.4592
9.7812
6.3522
5.9834
5.8958
6.3556
8.0822
9.5012
5.2878
8.0602
8.2048
7.3008
8.3152
8.9408
8.0506
7.4822
6.21
6.488
6.6404
5.5262
7.4966
7.2598
7.0838
6.8058
9.5374
8.129
9.5824
8.0202
6.391600001
6.4188
9.1616
7.0494
8.6014
8.8244
8.4574
11.2722
9.2294
4.6862
5.892
8.675
7.9432
7.9512
9.6508
6.5954
7.3886
8.196
11.0562
7.3828
10.695
7.8326
7.2222
4.5968
6.6662
6.883000001
7.4514
7.116000001
6.8668
6.9726
7.0258
10.8352
11.852
8.4304
6.0408
7.557
4.9862
5.809000001
7.794
6.9588
4.906
5.9104
6.4044
5.864000001
8.001
7.797
4.7904
5.5618
7.3734
8.4682
7.9616
6.7876
11.497
13.2118
6.4638
11.1824
11.7294
10.4658
9.6962
9.1276
9.4888
10.9188
13.4858
8.5936
13.5328
12.9168
8.0646
10.0382
9.9704
9.3254
6.0446
9.6352
8.3172
6.8498
7.578000001
9.796000001
5.6818
4.0106
4.3396
9.7948
8.0108
9.9616
6.0658
9.9258
6.2308
6.6184
6.724
7.3926
8.4412
9.3386
9.0394
6.1238
6.8064
8.9614
5.6558
5.6148
5.6014
8.037
11.1308
8.720000001
11.2196
8.6064
5.4428
9.3872
6.861600001
10.8248
10.6448
10.686
8.2212
7.499
7.0992
9.4902
9.4172
8.764
6.8418
7.0984
6.7226
5.0792
6.795
8.9958
8.8146
8.6086
6.8294
11.9234
11.3842
9.3908
12.241
6.5388
14.1122
11.065
9.5524
7.5692
10.8824
9.4616
8.611600001
12.639
6.2204
11.8158
12.306
12.7788
11.4338
12.0148
6.0702
7.501
10.8578
10.7602
4.8286
8.5384
9.1916
6.6582
7.0892
7.9066
8.9736
9.1686
8.2534
8.1822
7.313
7.9772
10.8412
11.195
9.1308
10.077
10.1372
8.1544
6.331000001
9.1182
6.509
13.0446
7.4058
9.4446
11.7766
10.579
14.0526
15.0728
9.4624
7.1672
10.017
7.8172
9.2654
11.0622
11.728
11.9514
9.6734
8.2826
10.393
9.3122
9.6244
9.4898
13.428
9.461
9.5714
10.8906
9.2784
8.403
7.3362
7.5426
6.594
8.4234
8.5266
8.6948
11.6256
7.646000001
7.6348
8.92
11.6474
7.3014
6.0808
13.1846
13.0978
9.3224
12.052
8.2564
8.0358
11.6986
8.3332
10.103
9.3568
8.2206
11.5336
11.2338
9.9052
9.1212
11.1308
6.294
5.7918
6.7946
7.6478
5.8884
9.7682
9.1474
13.5288
9.975000001
10.0484
11.9686
13.1142
9.7408
8.5214
11.068
9.2028
9.2346
7.9926
7.2288
6.1268
6.1128
6.413
8.4628
6.4928
9.5304
10.0852
10.7106
8.5424
10.8582
10.3698
10.2778
8.8486
8.3054
7.1114
8.8508
10.8884
10.9146
11.8372
12.2534
4.4098
8.6214
7.2888
7.0952
12.0362
12.7048
13.4694
6.672
10.8538
10.1386
7.8228
7.372000001
7.4978
5.7442
8.7974
7.5432
6.8084
10.025
13.527
10.0916
9.9096
12.8304
9.0632
9.6094
7.0728
9.276
11.2484
10.9526
9.1146
10.7524
9.897
9.7136
8.4678
7.2992
6.6108
8.436
13.0204
5.6322
8.241000001
7.966
6.5636
9.103600001
11.5756
10.0368
8.8994
8.0496
8.221
7.8204
8.6466
8.098
8.592000001
6.6292
6.5996
5.8144
8.1558
8.7378
12.9104
8.6828
7.9848
8.0678
11.551
9.714000001
9.1544
9.5844
8.9436
8.5422
10.8308
5.4352
10.6516
7.5072
11.6618
12.3228
10.358
7.4876
11.4602
7.3432
5.7898
11.0058
8.8606
6.8472
7.216
6.3558
8.745
9.0102
11.6004
7.933
8.6856
7.613
9.6214
9.5216
11.3018
6.3402
6.9932
8.201
8.4176
9.9396
6.1184
7.52
8.1514
8.1726
8.4942
8.5266
5.424
5.5956
4.8692
4.7864
7.14
6.4152
12.4294
9.4042
10.4794
8.827
11.3004
12.0438
9.4226
11.5428
8.459000001
10.2656
8.294
9.1248
7.4704
7.0906
7.0742
7.7386
8.5172
7.534
5.0022
8.0538
9.4936
8.5796
5.9528
6.7936
7.3284
7.551000001
12.3224
8.9598
12.1416
8.9208
9.0184
6.922
6.1856
10.569
7.3964
7.0752
6.0676
8.0434
4.7852
8.2932
6.5732
4.5452
7.772
6.8164
9.3952
11.8056
8.1814
13.5366
11.1252
8.3016
9.4824
8.2574
10.5374
9.6026
9.540000001
7.0228
6.9182
5.8558
6.022
9.385000001
6.5294
8.4466
12.5714
7.152600001
7.5028
9.0628
8.398
9.0424
9.466
8.7072
8.6778
8.5964
11.6188
11.8004
9.3832
8.3144
12.0734
9.3282
8.817
13.7698
13.5206
5.7792
9.7254
7.901
7.648
9.2928
12.32
12.4696
10.5202
6.2742
4.9996
7.413
8.6638
5.6238
5.7702
9.2374
7.6764
6.9754
7.2598
8.1576
6.3432
7.2904
9.1146
10.7754
6.6746
9.8088
11.0902
10.5956
8.2836
8.0958
6.4624
6.0732
12.4128
8.7522
10.0658
8.8136
8.7888
5.9528
7.7304
10.95
8.4336
10.8066
10.9928
9.0338
12.3228
12.4064
6.462
5.4224
10.8288
10.8418
9.7786
10.4142
10.9508
9.4934
7.5462
11.2804
11.4062
8.4514
10.1528
6.3306
5.5794
11.6094
9.0894
7.1266
9.0788
8.3192
8.421600001
8.764
8.422
8.3266
8.1608
8.2784
7.4978
6.7976
7.388000001
7.7516
6.4254
6.2072
6.3696
7.4514
10.1644
7.167
7.2386
7.3812
9.31
9.054600001
9.0028
9.4954
10.6582
8.6178
9.4326
8.765
8.6672
4.4672
4.0668
3.021000001
2.885000001
6.4002
10.317
9.437000001
9.009
8.339000001
7.714000001
7.3924
11.3762
11.0338
7.8254
6.8962
11.4026
7.0552
4.3876
5.0238
8.395
6.9178
11.7846
7.4144
9.4224
9.1702
6.395
8.0212
10.7056
8.2048
9.8852
10.7898
7.9308
9.6004
9.1876
8.042
10.2674
7.9066
5.9232
11.093
9.2584
12.4974
7.9488
11.4286
10.1688
12.7178
13.5538
9.2124
8.5564
11.6982
11.7034
10.505
9.444
8.775
6.6662
12.527
8.2428
9.4366
7.209600001
7.5084
9.3308
7.4128
10.5226
8.0348
15.3326
7.951
9.4354
10.0748
6.5326
8.1316
5.6284
12.4106
8.4852
7.7166
9.655
9.188
8.8632
7.8222
12.1038
9.5942
8.3252
12.744
11.5608
11.898
8.4222
6.1064
9.7444
9.458
8.3068
8.6392
8.5236
9.013000001
7.085
7.3598
6.9662
7.6536
7.3492
8.6292
9.0766
14.0572
7.3564
11.1148
15.0362
10.5232
5.7938
7.4198
9.2828
10.3824
5.4796
8.0996
8.4884
7.413
9.5986
8.748
8.3542
9.9262
10.713
10.1574
11.3186
10.7474
16.791
17.1896
17.513
8.8582
11.6824
6.5476
7.8518
7.8544
5.4396
10.2876
10.5044
9.4264
4.9374
6.130000001
4.93
7.851
7.861000001
10.4244
9.3154
8.9618
7.5378
6.4768
10.0228
10.905
12.1486
7.1718
8.7316
8.3266
9.763000001
7.160600001
4.3472
6.4232
6.5954
10.595
7.8116
9.945000001
11.9722
6.027600001
7.5018
8.467000001
10.1786
10.425
6.5708
5.4426
6.290000001
7.3566
9.0586
9.4576
7.4004
7.6172
7.079
8.1296
7.8114
7.8816
7.7536
7.0946
9.6828
7.4992
7.8656
5.9602
6.7326
6.4282
5.8458
8.9132
10.6496
10.9912
8.4598
5.9258
6.6876
6.0016
7.4606
6.6004
7.7898
8.3946
8.1032
10.8954
11.6616
7.8024
6.1672
7.9798
5.8128
8.8964
12.1572
7.0498
6.1864
8.0904
8.2554
6.3998
6.3696
7.0794
7.1218
6.9558
7.5682
5.2274
6.7322
8.2348
8.7252
10.292
9.696
10.4988
9.484
9.842000001
8.5132
6.7506
5.7712
9.5074
9.484
8.4568
6.384
6.067
7.6046
6.7082
7.0376
7.6408
9.4032
12.4356
6.9482
8.3542
7.3012
10.1392
10.6974
10.2222
10.2358
8.079
6.1642
6.7656
7.4
6.9444
4.592600001
7.5134
6.3884
7.3856
5.4702
6.1758
8.526
8.7826
8.1946
5.6674
7.3418
3.5152
5.858000001
6.845000001
10.8174
7.2014
6.935
6.8906
7.9722
6.6634
6.2152
6.4794
5.9658
7.87
8.0032
8.5022
7.6834
7.1262
8.199
6.5472
8.0346
6.2026
4.8504
6.3226
8.3396
4.8818
5.7842
10.6956
10.741
9.4288
7.9466
8.1482
9.1928
8.7404
8.2926
5.591
7.0444
9.5806
10.459
7.2052
7.748
6.4882
9.5214
9.5
9.0766
9.7746
11.4434
7.886
8.0388
5.5248
8.9814
8.1954
8.8852
8.5794
6.0292
6.6286
5.2544
10.9908
10.7324
6.3948
7.2532
11.3726
11.2574
11.8408
11.3318
10.7182
9.7668
9.3454
7.2244
7.8578
5.6924
6.2442
7.3514
6.6854
8.3976
7.5094
7.1614
6.7518
6.1362
8.257
8.5568
9.0978
8.5308
5.1968
7.8222
7.0478
10.4512
6.7318
6.2226
6.2268
6.6072
10.7304
6.1368
8.2734
4.0824
8.7104
11.7674
9.209000001
8.7546
7.4092
9.5826
8.462
5.6858
4.9936
5.4228
4.1618
6.2162
5.2008
7.5348
8.9182
7.0688
9.596
8.361600001
9.394
8.7894
9.17
10.0378
7.8004
7.0458
9.6586
9.5254
8.961
9.8878
9.6382
10.1148
7.264
10.941
8.839000001
6.6518
11.7834
8.777000001
9.6646
10.6838
10.5228
10.7282
10.8664
9.177
8.463
8.7538
13.6764
9.277600001
11.4268
11.7178
6.9314
10.2792
11.3592
6.1968
4.4812
5.2458
10.1888
8.260000001
8.2678
8.4134
9.1256
7.7898
6.381
4.979
6.4122
6.2268
7.364000001
10.6704
11.088
8.801000001
7.3352
6.2006
8.2778
8.5694
8.7822
8.777600001
9.932
11.8276
10.4552
6.7036
7.9424
9.2682
10.306
9.3514
6.9472
6.0304
8.428
7.908
7.5918
7.9784
6.619000001
9.0914
8.3354
7.314
8.2298
8.664
10.372
9.5848
9.611000001
7.0122
9.2292
7.7224
8.5816
8.6306
8.7864
11.497
6.4578
7.4206
7.7942
9.5024
5.093
6.4764
8.6262
7.8552
7.5104
5.2882
9.6908
8.9054
9.5646
8.7618
8.8066
6.9806
10.2944
6.5152
8.1844
5.8852
4.7202
8.3532
8.5774
7.462
9.9944
6.8042
10.517
8.4688
9.160600001
8.609
8.3766
5.9288
5.963
7.204
7.1728
5.289
4.9274
7.054600001
7.526
8.6536
9.0302
8.9088
7.7734
7.3494
7.2344
7.1412
9.4862
9.8998
7.5472
11.0076
8.5942
9.0034
9.55
10.087
8.9228
11.1118
10.4686
12.099
11.6172
11.3126
9.0376
8.6248
9.2312
10.4004
10.8818
12.004
12.1082
10.3808
9.4752
7.0712
8.0334
10.2934
5.7084
6.0362
5.6134
8.4762
10.0704
9.510000001
8.7216
8.648
7.3602
9.4588
10.2914
6.5252
4.219
5.7478
7.7256
6.6556
9.9682
7.013000001
7.186
4.8512
8.2766
7.846
7.5866
7.4042
6.872600001
6.7106
6.1108
8.2654
7.6174
7.2224
7.2292
8.380000001
8.486000001
6.6446
5.8656
6.5372
6.6684
7.3412
9.1762
7.0744
6.7784
7.875
9.4034
8.2232
10.633
8.0812
9.4348
7.3272
9.4922
5.4378
8.7924
8.1396
7.1426
7.467000001
9.5328
8.9422
9.5758
8.2406
7.8976
4.5098
6.862
5.3274
8.2024
7.297
7.9158
7.9468
7.3544
8.1462
7.077
6.0722
5.462
10.0126
9.9414
8.3078
7.5414
10.72
9.9838
8.6712
6.440600001
9.2386
8.1074
6.372000001
4.7208
6.6316
7.4074
6.6604
9.142
8.7936
7.7644
8.6538
9.9666
10.5158
8.5388
8.3452
7.8618
6.117
8.315000001
6.8078
5.306
5.8934
9.6616
8.4042
10.3116
5.8324
9.516000001
10.7926
10.4044
9.9858
9.78
5.5492
6.307
7.4076
9.9002
10.3732
8.5836
10.6164
4.5376
7.7526
5.7728
10.5332
9.834600001
12.916
10.7032
10.7434
6.8078
10.0262
6.3274
7.7948
10.5268
10.7444
8.3242
9.308
7.9384
9.6848
10.8094
8.9146
6.4538
8.3494
9.28
8.455
10.1738
6.1148
7.2886
7.3576
10.4734
9.3044
8.6166
10.61
6.7348
9.3392
9.092600001
9.1248
9.3548
9.1068
10.3058
8.7016
7.2912
6.8458
7.3864
7.9054
8.4806
5.7276
7.2292
6.807
4.812000001
10.529
7.4792
10.7862
8.2468
9.0336
9.5278
6.1094
11.52
7.6898
8.9366
10.229
11.676
10.802
8.1372
7.7646
11.2838
9.5548
10.598
10.2954
10.9308
14.6272
11.6446
13.9838
10.3818
10.333
9.6768
9.3508
6.1888
7.2332
9.8154
8.8876
9.3454
8.7584
7.3016
5.5232
11.1044
6.440000001
6.424
6.6654
5.5134
7.7664
10.5752
9.551000001
10.8556
8.5554
16.4718
12.819
11.4558
12.0344
9.1296
8.4766
9.9804
11.6528
7.7018
6.1636
5.910600001
5.8718
10.366
6.318
6.4
8.3888
5.3572
9.6748
7.8214
10.765
5.949
6.421000001
6.0878
7.065600001
7.5864
9.1234
12.352
9.9126
11.514
8.9264
9.5212
12.9458
10.1418
9.6452
9.9964
10.614
14.2816
13.7044
16.5018
15.6628
10.1394
12.0604
9.9224
9.1046
9.3784
11.4668
12.209
8.3516
7.7456
8.1538
8.278
9.3718
12.3396
11.5444
9.9554
9.4886
9.491000001
10.579
11.9156
12.581
7.9386
7.622600001
6.057
7.6174
8.2032
6.53
7.165000001
8.5318
9.505000001
8.2994
7.3372
7.3674
7.6074
8.850000001
8.937000001
9.2656
9.6886
6.5876
8.5292
8.1722
8.1588
6.156
11.2788
10.6796
10.6874
9.095000001
12.8166
10.521
9.1876
10.139
10.4896
8.8544
8.1936
8.282000001
9.2616
8.4808
9.4946
8.6338
8.6748
12.4276
12.7976
8.5578
9.7976
6.0544
10.7682
9.4066
13.233
11.1698
8.8742
10.6978
8.2126
6.1418
12.2442
11.0642
8.7218
8.0498
10.1246
7.8464
5.3882
6.3268
9.1696
8.4958
10.175
7.8254
8.7408
10.265
4.5182
9.339000001
13.2668
9.74
6.8254
6.8188
7.4726
8.1378
12.0778
4.62
4.8492
5.5082
10.1302
8.394
6.1492
10.6796
11.1444
10.9474
6.9748
7.8026
9.6888
10.0702
7.591
12.3416
12.0606
7.2334
8.955
8.2236
12.5934
11.2604
10.2034
9.3874
10.8132
8.6838
12.6282
14.6404
13.3612
11.6792
10.7368
8.6004
9.2618
8.885000001
7.9452
8.2052
7.7976
7.9
7.0558
9.1198
8.4496
10.3936
5.6378
4.3088
10.7112
8.3934
9.6674
8.1968
7.0512
7.0474
4.3998
9.5822
7.2924
5.5248
10.1512
7.826
9.919
8.8332
4.7422
6.92
7.7372
7.5016
6.0406
7.3544
8.6696
4.798000001
13.415
12.7058
8.6558
9.6218
11.632
11.7378
8.4428
7.6936
8.144
9.3736
8.1836
9.5932
12.6214
8.7962
6.3652
7.7564
12.1046
13.2878
7.4422
15.8982
8.3834
11.387
12.111
10.4978
10.9538
7.7924
10.4566
10.9562
5.6054
5.4964
9.3368
7.7688
12.8958
8.9552
7.947
10.9184
10.4826
8.98
9.7608
8.6282
11.5746
9.1988
12.006
10.7676
9.3074
7.8822
10.06
6.7834
12.5914
15.969
9.7348
7.4768
10.936
13.4454
8.985
10.2628
12.918
12.5228
10.0598
14.6318
11.9548
10.8598
10.1902
9.8722
10.8598
9.9808
8.3542
10.0182
11.5428
11.2574
10.8872
7.3868
10.7326
9.0872
13.6362
12.2916
10.2038
11.9512
12.278
9.5156
9.299
10.7718
12.3414
13.798
10.3332
7.903
6.8468
9.065000001
9.798000001
8.5092
8.5168
9.3664
7.797
6.8994
7.7024
6.6224
6.4442
6.736000001
9.2026
6.8238
6.024000001
6.9254
9.6306
6.647
6.4012
7.073000001
5.1438
4.3256
7.927
10.545
8.364000001
7.749
6.7786
5.7696
5.7458
7.1688
6.8932
6.5618
7.5562
7.5922
7.0522
4.6862
4.6252
4.6584
6.3506
8.0788
9.4684
11.1782
11.4694
10.1498
10.3468
9.1866
10.0992
13.7562
11.3972
10.736
13.0864
16.2078
10.7888
14.4958
9.398
10.6916
12.687
7.775
9.1386
13.2626
9.7466
8.2276
8.0992
3.9098
7.4298
6.3268
8.1984
9.137
9.8162
7.221
4.9416
5.3204
7.0068
5.4574
4.2514
3.9404
5.8614
7.009
7.3942
8.1882
8.5532
9.5974
11.1184
7.4018
10.8442
12.2976
10.781
7.3694
11.2606
13.1918
6.9532
5.9958
6.8408
10.695
7.7934
11.0956
11.2332
11.4154
8.3074
9.9332
12.8886
11.4388
9.853600001
8.7964
9.6046
9.7314
8.9288
7.635000001
7.472000001
14.0028
5.1514
6.959000001
7.220000001
7.3504
7.1506
7.9522
10.2234
6.551000001
6.1184
5.9878
6.1168
6.9894
8.5036
9.0362
7.2294
8.6696
10.2114
7.633600001
7.9666
8.8448
7.7462
7.1162
8.3554
7.6864
7.1904
8.7868
7.7616
9.8882
11.47
9.8278
13.32
10.2484
9.7404
8.155
5.9688
8.7514
8.9602
8.2766
15.0174
9.4678
8.1936
8.7522
8.5848
5.1156
5.2738
7.2198
13.78
10.212
10.7136
8.5416
8.3576
8.9762
9.1702
11.3008
6.3638
5.6942
9.1086
8.8958
10.4026
4.0442
9.3436
4.5922
4.1282
7.1484
8.3806
7.8336
6.5406
5.265
6.6718
8.3764
10.2268
12.3358
8.8834
9.2696
7.3274
14.3228
8.631
12.9344
12.7582
9.9042
6.9928
6.7866
10.864
9.3736
6.6648
11.16
11.6936
11.5824
12.5882
11.9656
12.9812
12.8782
5.9758
8.1246
11.4706
8.301000001
9.6146
7.087
9.1874
9.3316
6.9538
4.5766
5.5042
5.5874
9.6352
10.6878
6.2112
11.2238
9.8646
7.5538
5.9312
9.5984
8.6284
7.8454
6.2238
10.0946
9.2756
10.8976
10.716
8.8902
7.832
12.8234
6.2334
12.3304
12.3256
6.9868
7.3032
9.1866
9.123
10.7882
12.8174
9.2194
8.11
8.399000001
8.1684
9.2948
6.2808
7.3324
7.6224
4.5816
10.753
7.5996
7.1866
6.217000001
6.4902
10.6284
6.31
12.0586
10.308
11.949
7.9758
7.7844
11.0214
12.3002
6.9414
5.211
7.3024
10.5594
6.365
7.3872
7.2102
8.7444
5.9334
8.001
9.2626
10.4998
10.316
7.4214
7.1638
8.195000001
8.459000001
8.088
8.8594
9.1496
5.5576
6.4054
8.2734
10.7772
9.142
7.9082
10.182
9.1134
8.2454
8.9136
7.4402
12.0146
13.141
9.638000001
7.9632
9.2158
7.9268
7.3602
13.1118
6.578000001
11.1438
9.5104
9.392
11.9614
7.5182
7.8038
8.6136
10.2318
13.7198
6.296000001
9.8232
8.8174
4.683
6.436
9.5228
8.1718
8.6456
15.1566
15.1324
7.8692
7.5496
7.8874
7.2952
10.6078
10.5318
11.583
7.131
13.4136
9.1508
10.2502
6.7008
7.1244
6.3098
11.9668
6.6014
8.5236
10.2814
8.909
8.1114
7.7912
5.8044
14.9544
5.4414
11.8232
6.739000001
5.3636
12.5358
7.144
6.0934
8.9778
8.4928
10.0796
7.4766
8.0272
11.6616
17.073
14.8966
10.0504
7.511
9.926000001
8.997000001
11.114
10.198
9.3244
10.332
7.1284
10.912
10.6346
7.7688
7.6382
12.0948
6.1222
10.1416
10.9736
9.1848
6.570000001
8.3734
6.3672
7.1924
7.9142
7.6162
10.1492
7.3716
5.842600001
5.7092
5.9984
9.6944
9.943
8.2972
11.8266
7.677
9.1122
5.692
10.205
11.3624
11.9004
10.782
10.4214
8.8846
8.2892
9.5418
10.491
9.5786
6.3548
8.3286
10.477
6.2204
5.4266
6.5936
6.7862
8.6156
10.245
5.343
8.7556
6.8984
5.9434
6.3928
7.6442
6.111600001
8.322
7.98
5.5796
6.2296
7.6174
8.0552
6.1414
8.1476
6.0766
10.4562
8.3724
9.6292
6.6566
6.3122
9.5804
9.510000001
10.5272
8.868
9.0934
7.698000001
14.6384
10.1594
8.6326
10.6916
15.6688
8.5206
13.9566
11.5752
10.5576
8.3464
11.198
14.7846
15.0592
10.744
9.6538
7.4298
7.7652
11.0128
10.984
12.5236
11.8512
8.5896
9.3702
12.2222
9.2222
10.334
9.5406
10.8372
8.254
12.3848
14.6706
12.3512
7.52
7.5172
9.2992
8.8686
12.3728
11.8768
9.5328
8.6964
9.3512
8.5754
10.9838
10.1826
10.6882
12.1408
8.8966
9.7884
11.3974
12.6858
8.8178
8.6432
10.1774
10.5318
11.291
12.9002
8.7748
7.6024
6.6162
11.7626
7.2088
7.260000001
5.5258
10.1814
8.6876
12.452
6.1002
9.909
10.6246
6.6202
10.018
6.4252
7.7376
8.1806
6.6802
14.2724
13.6348
8.7996
10.1968
8.8224
11.2678
12.0186
15.6436
13.4196
9.0018
10.7874
8.9944
10.5698
8.4248
10.5652
8.2466
8.3348
8.3036
8.3428
10.6176
11.2702
12.0806
8.7464
9.2016
7.9084
8.513000001
8.717600001
4.1638
9.353600001
8.162
8.3834
6.7962
6.9044
4.872600001
7.5582
7.9754
7.9942
9.083
10.4542
9.7926
6.4534
6.4488
10.6264
10.0352
8.5946
9.3006
9.982
8.0026
12.396
6.5804
9.9214
8.6636
10.224
13.8814
13.053
12.0784
9.5728
7.6078
14.383
9.6328
12.0198
9.867
9.296000001
10.0216
7.5146
9.077
6.9234
8.5262
9.6104
9.0168
8.1878
12.3062
12.9396
13.2294
13.2494
9.2046
8.9484
10.366
8.573000001
6.4046
6.147
6.1648
10.8206
9.570000001
12.5838
12.747
13.3592
11.9026
14.5908
14.5602
9.3506
9.5582
6.2308
13.099
6.2216
11.2102
10.2304
9.1844
10.799
13.9104
8.6396
11.9308
13.7726
8.7098
13.8894
8.728600001
13.826
8.6208
9.5774
8.9382
6.7364
7.5762
7.220000001
6.686
7.1652
6.605
13.8036
10.0048
11.2732
12.6194
14.9026
12.0066
10.4342
9.8462
7.1254
11.47
10.9146
11.174
10.751
8.9202
10.8918
11.6338
11.6462
10.7332
7.7132
7.9504
9.8732
7.9312
10.9082
7.867
8.188
8.7246
8.462
8.4236
8.1182
12.0786
10.1786
8.510000001
7.6688
6.1196
13.9686
11.7716
9.1342
9.5372
7.0704
13.644
6.2198
9.7272
7.8334
10.0972
8.9604
9.515
8.6764
9.8998
6.8348
7.8416
7.376
6.7314
10.4812
6.1746
8.8596
8.468
9.746
8.0436
11.0952
14.4152
12.3238
13.8678
13.5024
7.4704
8.0288
11.1986
10.1038
6.991000001
9.2018
8.6458
5.5006
5.2422
11.8558
10.4476
10.8216
9.630000001
9.4508
12.4598
12.9316
13.3704
10.2494
7.6708
9.7384
9.8232
11.6718
9.269
9.8632
7.2764
7.6506
8.302
10.189
10.4916
7.402600001
10.8336
9.4294
11.361
6.618
8.536
8.467000001
11.0606
7.3146
8.1814
8.288
10.286
6.284
8.3652
6.7578
8.5826
8.1408
6.217000001
6.7144
10.7898
12.5882
11.9892
12.1824
12.5736
10.8696
6.563
5.4306
8.1542
10.2238
13.015
6.7642
10.8936
10.8082
7.313
7.7252
6.8878
9.8854
6.6972
6.426000001
8.8244
7.105
5.1492
7.311
8.073000001
9.2964
8.5608
6.2492
7.5652
11.7302
8.8562
6.3196
6.4564
8.967000001
8.1246
8.445000001
8.2068
7.7352
9.2474
7.7518
9.4842
9.9506
6.2112
7.4588
8.6504
10.7408
9.6514
9.4626
8.4118
8.3736
8.582
7.7306
7.189
4.5242
5.5694
8.5034
7.3486
7.5726
8.8926
9.8314
7.9666
9.2052
7.8992
7.8714
7.7392
7.4536
12.3316
12.9792
9.3844
8.2964
9.735
10.0564
6.2182
8.2392
4.1004
7.1952
7.7032
5.9466
9.3962
8.524000001
6.7594
10.785
11.6202
10.1052
6.6936
6.2618
9.4304
6.8708
6.424
9.2356
7.297
8.225000001
7.5708
10.9736
8.8244
9.9716
10.0302
9.0206
10.9088
7.2004
9.9466
10.1966
7.8882
9.6296
11.0188
11.257
6.1686
7.3064
8.0936
6.7278
8.4384
10.5408
8.2518
10.1972
13.6808
11.7814
9.8348
9.3138
10.9522
13.859
9.64
8.0338
9.338
9.5988
12.6046
10.1844
11.0446
12.857
16.064
13.8658
12.2504
10.6468
8.8736
11.4608
11.4042
10.4828
9.1896
13.0242
7.6144
8.4452
7.4952
6.4608
7.618
5.5032
6.746
6.5606
7.2076
5.9354
6.081000001
8.8942
6.151
5.0498
5.058
5.2296
6.3816
8.425
9.2772
9.4264
13.6702
7.985
9.5008
12.7126
10.574
9.4838
9.2032
14.1278
13.527
10.4242
7.5842
7.943
10.6152
8.348
8.5346
9.5812
6.1566
6.0606
7.489000001
7.6308
7.3022
7.3096
8.0642
5.850000001
6.614000001
7.0132
6.2112
6.75
7.796600001
7.1508
5.4274
4.8892
4.4922
6.5568
5.6544
5.2698
5.2658
5.9444
6.2082
10.1808
9.0048
8.925
8.0068
8.3496
6.9944
8.9516
6.2488
9.405
6.2676
7.9196
8.4084
9.5044
7.0452
7.8546
7.189
6.591
5.7744
6.9168
5.8564
6.566
5.6232
5.6186
9.4442
5.9764
6.7
5.359
8.6206
5.5224
5.2334
5.1748
6.0922
5.5704
5.0236
5.6778
7.7284
6.3268
6.1188
3.9512
5.9124
6.6836
10.0796
8.2686
6.198600001
7.4124
11.6786
9.4086
5.326
6.2278
5.2078
9.2914
10.2954
8.612
7.9068
8.6612
7.7092
8.6064
6.7772
10.1024
7.3122
5.7532
7.456000001
9.8436
7.0938
6.467600001
6.3054
4.8088
4.9848
5.3358
6.1208
7.74
7.291
7.402000001
6.0714
6.9736
7.296600001
5.854
6.141600001
7.7846
7.3976
7.5766
6.9814
6.0916
6.187000001
8.9766
7.3088
8.573000001
9.5314
9.9012
9.6432
8.4372
10.4548
11.1516
10.7204
8.4856
7.514
9.8108
9.7454
10.1038
8.6458
9.1418
6.6132
10.2536
5.0422
5.2412
4.8806
7.9604
10.5264
9.3256
10.854
9.117
12.5244
8.8692
9.3456
7.554600001
11.1616
7.6296
10.564
6.9072
8.7762
6.8432
9.0526
10.8752
8.214000001
8.4076
8.1856
6.5986
5.8384
6.7054
8.8522
8.5976
7.4956
6.4274
5.3566
7.56
7.6442
8.8034
9.11
9.841
4.5184
7.3532
7.0502
11.0258
4.0242
8.375
9.222000001
9.582
6.4578
6.3814
5.713
8.850000001
6.3604
6.4806
5.4104
10.2518
10.8602
8.9876
7.0262
6.5598
5.304600001
8.2718
7.9286
5.467600001
10.32
11.227
8.2818
5.3476
8.5376
7.9476
9.0514
4.939
4.9978
7.086
4.8414
8.0416
7.3638
7.4468
7.5434
7.9716
7.8288
9.5426
9.483000001
5.486000001
7.9788
5.8344
5.0752
4.7022
6.7104
6.2482
7.847000001
6.8956
7.2778
7.0894
8.7696
8.5376
7.9268
8.6668
8.6228
8.5712
8.3244
7.643
10.016
9.3654
14.1518
15.86
12.6106
10.8794
10.2772
10.8864
7.6446
4.239000001
6.7672
4.9988
7.3084
5.2618
7.6706
8.4694
8.7664
9.101
10.5948
9.7556
8.9938
7.7688
11.7492
8.5596
9.5944
10.9064
10.3772
11.8032
5.6346
5.1264
8.5972
6.8556
10.5596
11.7538
6.9082
9.5218
8.6482
9.0686
9.6448
6.5996
7.0048
9.9624
9.5714
12.1512
8.9434
7.6142
11.6472
9.5118
9.8344
8.6456
10.6236
10.6994
7.3058
6.6446
10.112
7.6908
6.0454
6.9388
7.3094
9.543000001
8.492
7.2746
7.9114
8.323600001
6.5212
8.5218
6.265
11.375
11.5514
11.4968
9.9748
7.5728
6.9512
7.3106
5.0572
5.7214
8.0512
9.8288
8.6518
9.0074
6.5552
6.9116
6.2696
5.2084
9.5688
4.9998
9.0428
5.8088
8.1508
8.6204
11.111
7.008000001
11.0786
8.987
7.7728
7.2464
8.0062
7.8032
9.6006
10.5092
11.9512
8.664
7.2708
8.102
9.033
12.7322
11.2652
11.2972
11.3284
8.542
14.0094
12.6382
9.9462
8.0898
6.6832
10.0486
7.3686
6.3914
8.324
6.5026
6.1568
6.0406
8.2638
6.617
5.2548
7.5448
7.067
9.3504
7.7896
8.4448
8.6378
10.7996
8.3808
8.6322
7.2602
8.722000001
8.1412
9.2826
11.7824
7.3612
9.6588
6.3444
5.8886
5.7034
7.0066
7.3278
8.3548
7.880000001
5.6232
6.9184
7.4736
5.5744
9.0186
10.7492
7.2418
8.4266
10.7414
5.9904
8.0252
10.4878
6.6164
8.5994
5.1632
8.931
5.7194
6.8622
9.2616
5.3458
11.902
7.3432
9.3134
9.1486
10.7534
11.067
10.3886
12.8012
12.4444
8.3568
8.427
7.821
5.2996
8.8538
8.4592
7.754
7.8074
5.4952
6.7918
7.8276
5.478600001
11.6854
12.3288
6.8296
6.8738
9.5402
9.5092
11.0162
10.091
11.3022
9.0948
10.6182
8.6198
6.617
8.7458
8.0596
10.4408
13.4896
6.0076
8.0116
9.5
10.77
10.5934
11.799
11.4216
8.7596
9.0076
9.397
11.7876
11.4096
8.8132
6.743
6.9616
7.108000001
7.1794
8.936
10.9832
10.423
11.197
7.1836
11.4532
9.8
9.9972
7.5734
9.042
9.0622
7.6576
7.6236
6.757
7.2162
6.946
8.7808
9.9302
6.071
11.1702
12.0622
9.4536
9.9432
13.9818
9.2974
9.592000001
12.1066
11.2022
10.1184
10.4632
11.3874
11.3614
10.6562
7.794
7.7418
7.0148
8.076
6.0768
7.5082
7.8074
10.8298
7.8312
6.8554
7.123
5.3648
8.5204
8.11
8.3108
6.084600001
9.909
10.7666
11.8174
7.463
9.5168
9.4958
8.8936
12.6142
11.2996
10.331
7.7424
9.732
8.1826
10.6588
7.7704
8.472000001
9.9978
7.1694
10.3708
8.8454
11.0448
8.0984
8.518
10.5764
9.0268
7.9802
7.732
8.6286
9.872000001
11.6356
6.6462
8.1878
8.0974
7.4498
9.4086
10.1432
9.104
9.2082
9.6972
9.4114
12.2594
12.839
13.1688
7.7722
10.9748
9.4882
11.041
11.5674
7.3354
5.232
6.4104
5.7056
8.5798
9.6988
8.284
7.948600001
6.836
10.8626
8.6344
8.8958
9.0836
9.1234
11.2538
9.833
7.701
11.2544
10.7742
10.6096
12.46
12.7152
11.1206
9.741000001
10.0228
11.1792
13.1944
6.3106
5.68
10.076
7.5286
6.5488
5.9566
9.2684
11.3984
11.8128
7.5012
7.1354
9.4526
10.83
12.5104
11.6636
13.2634
12.0382
12.2398
9.7392
11.5084
13.8764
8.5776
14.2688
10.2474
4.516000001
6.4256
6.06
8.7584
9.2402
7.7634
6.401
7.6984
8.0376
9.131
7.1466
9.8302
9.0934
6.2372
10.5102
7.259
10.705
7.103600001
8.8466
6.2588
7.6272
12.8986
11.1744
9.3512
9.0728
7.8982
10.2018
7.4354
8.602
11.511
13.7372
11.5238
17.271
14.2506
11.6382
11.4312
11.33
11.3956
10.3348
10.67
9.160000001
12.2384
8.644
12.7086
7.3014
7.522
9.8814
13.0886
6.3574
11.7456
7.3012
5.5774
13.214
6.2804
10.8496
11.1528
8.1926
7.959600001
6.9524
7.6656
6.6768
6.217600001
9.031
7.9206
11.3522
15.9386
5.8262
12.265
14.0374
8.3442
9.7568
6.4176
9.7496
9.7486
8.9138
9.838
9.397
8.2182
6.8456
9.0834
11.234
7.479
9.6328
7.621
8.1814
9.0482
11.95
5.225000001
8.1874
8.0754
6.9392
7.613
7.3452
8.6328
12.2266
10.5512
8.5796
9.5992
11.0082
11.668
13.0792
8.6462
10.3268
13.22
11.8396
11.8976
13.5446
15.3314
11.3256
8.4618
9.507
10.0758
7.759
9.235
5.7118
6.6928
8.0296
9.5822
10.1556
12.3702
11.3324
9.7496
7.0794
11.1408
12.132
9.8552
10.94
14.7582
10.485
9.8514
11.2538
11.0598
7.224
8.6612
10.436
10.9688
7.3326
13.7622
8.1824
10.2478
10.4676
9.685
9.9276
9.7386
8.2796
10.0094
8.748
9.3152
9.0068
9.68
8.1744
7.8846
6.9622
7.4222
7.6712
9.8728
9.3454
9.8752
8.8982
11.9536
9.4324
8.9506
7.7186
9.7964
10.301
9.3488
5.1488
7.365
9.445000001
8.242
7.0864
5.356
6.8118
7.0954
9.2404
8.6254
6.1436
7.8532
10.1054
6.388000001
9.111600001
7.8946
6.4644
6.6076
5.0252
7.2358
8.8522
11.5348
11.6488
11.9672
11.436
8.4114
10.7878
8.8832
11.3226
8.5562
12.1028
14.8312
11.6672
11.6204
11.8586
14.358
14.2384
11.4946
11.1584
10.244
12.1938
6.566
9.3556
7.862
8.1146
7.3852
5.6342
7.690600001
7.4398
7.4294
11.3326
9.865
8.9982
6.6644
9.6694
8.988
6.6256
4.8166
11.495
11.757
7.7854
10.9994
11.4834
7.77
12.7328
13.008
8.0068
6.1726
11.763
9.9634
7.3448
8.344
10.0386
8.3218
9.3768
7.5864
8.628
8.8718
6.3716
7.395
10.7358
5.7568
6.3708
6.2208
11.3402
6.6992
11.9474
8.5458
8.5774
7.87
7.6314
9.8842
10.445
6.5432
9.2346
6.3842
8.0912
6.0106
9.7786
7.7148
7.7624
9.0854
5.1458
6.3992
9.2076
10.2058
7.6946
13.6916
13.3956
8.0496
11.2806
12.4882
10.899
9.4412
9.0994
8.6714
14.9056
11.0868
10.5654
9.0574
7.7624
7.6482
6.8464
8.6202
6.9366
7.9472
4.3084
3.4968
3.7398
5.431
8.7212
9.6298
8.3688
12.3724
8.6754
14.0116
11.1372
11.5196
10.5502
11.6624
9.8292
8.5964
8.2562
8.133600001
13.0682
7.8804
9.8944
9.926000001
11.1156
10.1326
9.3664
9.4766
5.160000001
11.189
7.7538
6.4202
9.0862
7.032000001
6.7862
9.3786
9.496
8.256
7.5186
7.1156
7.1152
8.6072
11.741
8.7828
8.7414
10.493
12.4542
7.6276
6.4724
8.2754
8.057
11.4864
14.755
9.4312
10.9664
8.402000001
9.4948
7.3824
8.652000001
5.089000001
7.660600001
10.4656
10.232
8.8044
12.4028
8.7364
10.6724
8.0876
9.7588
10.931
8.2446
9.8184
9.4742
8.7356
10.4726
8.9602
7.9536
9.2648
10.4696
6.0648
14.193
10.8112
8.3504
12.0066
10.1646
6.7608
4.2576
9.1512
9.427
10.1248
9.3128
8.8284
7.753
10.77
6.18
6.5112
7.654000001
11.4858
10.8504
10.1952
10.6412
12.0368
8.3574
7.5198
5.6842
10.2716
8.872000001
9.7934
8.3718
7.907000001
8.8626
11.9728
9.1592
7.828000001
8.5022
12.0136
11.2242
6.5812
11.4166
12.1076
9.1056
9.0484
7.4532
4.877000001
7.2828
8.1694
8.1774
8.9824
5.1732
10.2162
7.954
8.9138
9.459600001
11.6358
10.679
8.6124
9.1502
9.8886
5.8878
10.0384
7.6018
7.7658
5.5734
7.8932
10.0652
9.5588
6.7894
6.4016
5.2614
8.4944
6.8978
6.917
8.016600001
10.1862
8.1288
9.4528
8.6292
9.979
8.6698
5.3444
8.8828
7.234
6.2442
6.8296
8.2376
9.2136
9.8098
7.402600001
8.9236
6.903
7.5766
12.4346
9.4016
9.7308
11.061
12.2672
7.9904
11.4712
11.343
10.2422
7.804600001
9.666
7.6946
5.414
9.6148
7.285000001
5.399000001
9.4128
10.214
8.959000001
9.264
10.5698
9.7506
9.0484
10.5596
8.6344
10.392
9.431
7.102
5.1048
4.2812
5.9566
6.4938
6.8248
6.9862
6.8314
10.9426
8.5426
10.9484
9.2266
6.3262
9.303
9.4862
5.6586
9.5714
8.5536
7.6118
10.2658
11.2728
6.2942
6.4642
7.6852
6.6158
7.1996
9.5524
9.3912
6.4476
11.486
11.701
10.124
6.4056
5.4844
4.828000001
7.209000001
4.277600001
6.0788
5.9638
7.118
7.8638
8.6832
8.2346
7.8482
8.1218
7.9426
8.2126
13.8744
8.5
10.143
8.8852
10.1594
7.033
6.6106
9.6392
7.8314
6.4556
7.3672
5.7342
9.8934
6.9428
9.4158
10.0772
10.4206
11.5964
7.4036
8.3476
9.4694
8.6932
5.2814
11.451
9.5864
7.9474
6.1748
5.7774
7.513000001
5.227
8.5458
6.0056
5.4968
7.9966
8.4482
7.9956
10.7468
8.3482
9.709000001
7.914
6.4284
5.0454
10.358
4.0228
11.914
5.6202
13.25
13.7676
10.803
8.4046
6.4846
11.5202
8.6848
12.749
10.148
7.4448
6.8274
7.9696
5.935
9.288
5.5488
4.2642
6.7382
7.4906
9.4202
11.605
9.0132
13.3238
11.996
10.8392
9.3144
8.758600001
8.1896
14.81
6.1976
10.1954
12.5682
9.9114
9.4816
11.4194
8.4544
8.1948
12.0936
11.5646
10.921
7.697
7.8264
8.7548
7.6588
8.8738
9.0698
12.8998
13.213
13.0562
11.3464
11.7164
8.4148
8.4736
8.896000001
9.4134
8.7182
7.7442
9.187000001
10.2518
10.383
10.0484
12.6284
7.5814
9.4576
9.592600001
6.819
7.5614
7.152000001
7.8228
6.5802
8.915000001
8.7488
8.6248
7.6534
8.3548
8.0582
9.9062
14.2442
5.9776
7.6814
8.2582
8.215
7.9256
9.6932
9.9198
8.9252
8.529000001
8.6414
7.9926
7.0706
6.7146
8.9196
9.6586
12.7654
7.898
7.794
9.1532
12.4826
8.3628
6.1902
5.2754
9.0662
9.9822
11.4038
9.8122
8.9858
8.3874
8.1698
6.2656
7.6086
7.1014
5.4098
6.5326
10.7972
5.9058
7.7092
8.509
7.7806
8.8902
6.5758
6.3714
10.1718
8.1924
6.260000001
7.4924
9.7826
7.0464
6.8342
8.158
9.6222
10.876
7.956000001
7.602
8.03
6.9686
7.7602
6.1886
7.8662
8.1926
6.6096
8.3394
6.5946
10.4814
8.9588
6.6346
8.8138
10.48
11.4718
11.9366
8.4868
8.801000001
10.5782
10.3022
8.4384
9.6508
8.8092
6.154000001
6.9978
8.1586
5.463
9.253
7.299
8.065600001
6.323600001
3.327
7.7912
10.8536
10.612
9.2496
9.403
7.563
6.5294
6.6368
8.9082
9.7376
7.8034
7.5898
5.8576
7.9758
9.4838
7.5808
7.2492
9.73
10.1038
14.8486
12.8528
14.0156
12.2198
8.3774
9.6576
10.7926
7.728000001
10.6236
10.9244
10.108
6.8814
7.8384
8.0228
7.643
7.1798
7.5296
9.8318
10.7134
10.9024
10.8116
10.543
5.7978
9.2852
6.2396
8.9688
10.256
10.3584
11.2234
6.1428
7.1964
9.174
8.7154
7.6602
6.5934
9.7536
8.8276
8.877000001
8.1008
6.5816
8.660000001
9.8228
9.4146
10.9868
6.533
11.7964
11.2086
8.4414
7.5726
11.108
9.6212
4.7718
7.2284
9.2708
9.3906
10.3814
8.6216
8.4634
4.4224
8.912
8.7946
6.4988
6.7686
8.1876
9
10.0884
8.8432
5.8476
10.3252
6.719
7.0796
7.2868
6.5854
7.6316
6.0588
10.4786
12.5312
10.7032
5.843
7.4992
8.0402
9.623
5.0506
7.2902
9.1434
11.429
4.5742
5.7504
8.6278
6.4904
7.302
8.0972
7.7588
7.6138
6.0696
10.6398
11.1346
7.8896
4.7108
8.4376
8.3274
5.983000001
5.2872
4.8532
9.4822
8.0188
7.1382
9.699
6.6282
7.843
7.7754
7.0794
7.3798
6.8408
8.532000001
7.9962
7.8514
6.5858
7.7618
7.995
12.0228
11.8352
10.7158
13.0598
8.622600001
9.5878
9.0168
7.9062
7.1968
8.0472
9.467600001
9.7738
8.0836
9.1448
10.1528
10.6408
7.1044
6.894
7.5684
8.4002
6.6898
7.8492
11.0818
8.0394
8.4478
7.5204
11.098
12.5938
12.0038
8.0148
9.9016
5.5248
7.082
6.7648
7.8524
8.354
6.738
7.7738
8.238
12.4878
9.513000001
9.0488
8.1158
9.9236
7.9506
8.8676
4.7802
4.8296
6.8852
6.9528
7.0714
5.512
6.3454
8.223
6.1214
9.1486
8.7648
8.3026
7.5092
6.2682
7.947
7.531
7.3902
5.9754
9.446
10.1952
11.3996
12.202
7.8374
8.0222
6.5542
6.397
7.0746
8.7652
6.8322
9.6186
9.878
6.1204
3.8268
8.6028
7.6474
7.921600001
7.689
9.8334
8.672
8.145
9.8924
6.7078
8.5572
9.748
10.0612
7.3034
7.2062
6.1762
7.3978
3.3302
3.2816
4.3514
5.2524
8.017
8.3954
6.4116
7.3688
8.6644
7.8704
7.0272
7.262
9.3546
7.3328
5.887
8.0066
7.2062
9.185
8.4006
5.2616
6.1924
10.9058
5.9636
8.5414
8.3596
8.1838
7.2022
10.3138
10.5054
8.1174
10.1024
9.6372
6.5592
6.8038
4.8964
10.5046
6.1642
6.4506
9.744000001
8.289
8.2152
7.2428
5.8016
6.7996
7.334000001
6.5488
6.1372
7.8352
9.608000001
10.2994
13.7804
9.0872
6.5376
12.4948
10.962
12.7258
9.6736
8.3446
9.9874
5.9114
5.6936
6.6298
7.607
9.1266
4.933
6.161
5.872600001
7.9242
10.754
8.3384
7.8738
9.5292
8.845000001
8.6818
8.6596
9.8794
6.8526
9.4356
11.0766
11.4952
10.7726
7.5046
8.1138
7.7698
9.1522
7.0252
10.4448
8.8512
5.6712
6.9506
10.935
8.4842
12.033
8.0946
9.5732
7.8174
8.429600001
10.4768
9.9
9.7784
9.6024
8.4448
6.312000001
5.9418
8.3362
9.7676
5.3784
6.8876
6.5306
7.4482
9.9256
8.695000001
8.0744
10.707
10.4298
7.9108
9.0192
7.565000001
10.674
6.9616
7.799
8.5054
9.092000001
7.473
10.3462
10.63
9.0458
9.9592
7.2526
7.8308
8.2466
8.3158
8.7434
8.6132
9.424
6.2804
6.4036
6.3482
7.5272
7.2478
6.2874
8.4692
9.8062
11.7562
9.5046
8.5618
7.9114
6.1436
7.7166
10.223
7.9668
6.3802
8.4298
9.4248
8.7132
8.7822
8.883600001
10.637
10.4216
3.6452
5.9042
6.151
6.9614
10.1432
9.1686
9.0428
3.038
3.1158
7.739000001
7.5194
6.3126
6.6538
6.681
6.7014
10.1692
9.9622
9.0832
5.6536
10.4804
10.9174
9.0462
8.6872
8.1654
7.7106
7.473
7.1376
4.6458
8.9804
11.2458
7.8422
7.2516
6.0682
12.2158
9.7656
8.12
7.4142
7.334000001
7.3814
9.3694
8.2354
10.9582
6.8538
8.225000001
8.701
6.5082
10.5138
10.486
11.1464
11.3554
9.904000001
12.2614
6.899000001
7.7698
7.6454
9.8462
10.637
9.0842
7.8756
7.6258
9.9082
5.9382
7.3034
6.48
5.6234
5.6634
11.9456
7.483000001
6.884
13.4594
9.113
5.5906
11.5028
10.0502
11.4774
9.966
6.3204
10.3026
8.3572
9.5094
9.4542
9.4244
9.2248
6.431
4.8312
10.4804
9.225000001
11.7258
10.52
7.0824
6.21
6.0986
5.9034
5.152600001
6.96
11.0466
9.8898
7.027000001
7.2838
7.2134
7.4076
8.1826
9.6754
10.2568
7.313
7.585
7.5814
6.6784
10.452
9.8944
7.971
8.2196
5.109
11.6706
9.7172
9.6968
11.2982
7.1734
8.7716
7.7148
10.2604
10.8262
6.7418
6.201
4.6266
6.4008
8.0994
7.5178
9.4688
8.2578
6.8128
8.932
8.7792
6.258000001
7.2888
8.4872
7.2406
7.6746
8.7528
9.4308
6.9502
6.672
10.6156
7.4876
7.7
9.1872
9.24
8.2472
8.785600001
9.8196
8.2004
6.916
8.5962
9.7604
9.6022
9.3342
9.8464
9.4878
8.4936
12.7326
8.2614
8.9776
7.9146
10.009
9.5162
11.0752
8.2796
8.8278
13.417
14.2102
12.279
8.8888
7.3076
11.0396
7.8766
6.9
7.2508
7.7454
7.2756
6.2844
8.9228
8.127000001
7.1676
13.7296
12.819
11.5156
10.9904
9.933
7.5668
9.1962
12.7962
12.7188
12.5016
12.9968
12.9714
6.4532
7.1686
8.6104
10.5178
12.045
9.365
5.1184
11.2308
8.078000001
11.811
8.1308
9.4894
9.3268
11.3236
7.4998
6.1222
6.7368
11.5094
10.5214
6.859
11.1714
8.0472
9.2094
9.0978
12.1104
11.5534
13.0772
13.7798
10.2544
8.8112
9.073000001
6.758600001
12.2696
5.6062
8.8672
8.884
4.6632
8.0942
8.7702
7.0048
6.1584
8.190000001
13.7212
8.765
7.7234
10.7988
10.7576
11.0408
7.729
12.3224
9.002000001
7.6876
8.703000001
9.067
11.664
7.5284
9.9412
6.7872
10.3256
10.657
12.8676
8.0676
9.181
13.317
13.3678
9.5092
9.8544
7.2998
6.3708
8.4244
7.1954
7.2198
7.2882
7.5456
6.7446
6.669
9.470000001
7.528
10.1774
6.0592
8.7898
9.6552
7.3152
7.532000001
11.0274
10.4106
6.398
6.3842
6.843
10.278
10.0124
9.089000001
8.236000001
9.2614
7.386
9.9792
9.7012
12.224
7.6576
6.414
7.0318
8.8592
6.2974
10.8962
10.808
6.9468
6.4544
12.5784
10.1408
5.2386
7.8808
6.1898
6.5144
10.2248
9.4226
9.366000001
13.3344
9.6136
8.703000001
8.6626
8.988
7.054600001
9.7578
7.4898
6.3662
6.5722
8.8584
8.0212
9.4164
6.6808
9.1928
10.9824
6.9124
8.4356
10.9866
11.0724
8.510000001
8.2114
9.667
12.7652
12.8884
10.0132
9.4376
9.6048
10.1338
10.717
9.7956
8.9518
11.5458
11.73
11.4702
7.8194
7.599
7.8464
6.5632
5.4868
6.7268
8.247000001
9.1804
10.272
9.559000001
8.3748
8.1032
8.3894
13.7938
9.8912
9.6982
6.9466
6.566
8.6486
8.9022
7.6622
7.782000001
9.9972
9.468
12.306
11.4682
9.462
7.5022
7.6724
10.732
7.9798
8.0458
6.5738
7.5512
7.7084
9.3812
8.5616
7.2456
6.8364
10.8534
10.9518
7.3588
10.8184
9.162
9.15
10.012
8.3542
8.1466
6.7724
8.057
10.0526
13.9868
11.4668
13.267
11.5474
12.4338
13.6586
8.5864
9.0174
7.5744
10.9996
9.6144
10.4894
8.9752
9.066
8.3774
8.1286
8.6378
8.5006
10.0568
9.5362
8.9094
10.4854
6.9034
8.5702
10.218
11.194
10.1668
10.7886
11.8618
9.6702
6.482
9.015
11.8046
12.23
10.7046
13.8232
7.728000001
13.2316
15.4708
16.6546
9.0752
9.9678
14.2696
11.4842
12.252
14.789
10.8422
16.628
16.9714
10.1066
8.8466
7.958
8.1256
5.918000001
3.8706
6.0126
6.368
6.8196
7.6718
9.0044
7.8968
8.4526
5.735
6.6058
6.4524
5.5952
10.2208
8.535600001
8.3542
7.719
8.4964
8.7112
6.8068
8.2644
12.9474
7.5382
11.506
9.804000001
10.8288
9.6072
11.1818
11.9398
9.355
8.8244
8.111000001
7.9466
7.5016
5.9552
6.9764
6.0026
9.3272
9.2264
7.8354
9.7638
6.4988
8.047
8.4236
9.9924
10.1166
8.7334
6.487
11.3882
6.892
8.8904
9.9608
10.393
9.9082
8.4256
11.0636
9.5796
7.9668
9.7172
9.8872
11.5528
7.8448
6.3722
8.6132
8.2424
11.2722
9.5344
8.9774
9.0112
9.2172
12.25
11.6734
12.3244
9.7902
15.2612
10.9282
8.454
10.252
5.606
5.8666
10.7212
13.7494
12.6924
14.3336
10.5306
7.1572
7.6238
8.470000001
11.1356
9.3662
12.209
8.1302
10.216
8.6248
8.0742
8.459000001
7.9318
8.5948
9.7614
10.1388
7.2762
8.75
9.7976
5.988
8.214000001
7.032000001
4.5248
8.5622
7.898
8.0262
7.0006
8.8992
12.485
8.1722
9.492
6.6308
10.1076
9.2082
9.1176
10.0526
7.8208
7.371
12.2876
11.5314
7.4846
8.7558
7.556
9.3594
8.382
8.8892
8.445000001
10.3824
9.6306
9.5082
10.2778
7.7994
11.2096
4.0298
7.9148
8.2284
9.7274
8.4082
8.3006
8.9446
10.0322
6.8014
6.4312
7.073000001
12.2384
10.8436
9.1882
13.9186
10.7628
7.9984
11.8384
10.4374
10.1546
9.2722
7.0876
5.262
10.1858
10.1502
10.8406
8.1486
7.443
7.7972
7.8736
7.9302
8.103600001
6.7602
9.3326
10.6688
11.2964
6.927
8.7818
7.9368
5.452
7.3042
4.9822
6.929000001
10.8968
8.0412
10.9792
9.7426
5.5184
10.134
11.3876
12.4006
8.5988
9.8906
12.1582
8.6344
8.260000001
6.1828
8.691
10.4636
6.4738
7.17
8.6784
8.2048
5.6844
6.3588
8.4488
7.6664
9.67
8.4896
11.2706
12.0768
11.0362
11.0376
9.2474
13.9898
11.2652
9.052
10.3196
8.7934
10.876
11.3354
9.584000001
12.051
9.1454
11.124
5.4848
7.6804
7.674
10.788
7.2838
6.9822
8.7178
6.0462
7.7242
7.3928
6.7814
8.3376
7.756
8.7392
9.9562
6.4366
8.5476
7.6666
7.2274
8.4452
8.3586
6.7328
6.3112
10.6496
7.967000001
10.978
8.5346
8.9294
14.329
13.5294
10.2122
12.0478
12.8578
7.7658
9.442
8.1228
9.0858
9.6378
11.8788
11.1836
8.5202
9.0804
8.0682
11.8162
11.5138
8.9624
8.1552
12.0524
11.211
11.6054
12.076
12.6416
15.6192
16.2812
10.8548
10.6928
8.4324
14.0598
9.7656
7.4848
10.2554
10.483
8.185
8.7726
12.9002
15.007
10.0518
10.4962
8.873
12.9234
11.1002
10.8198
8.906
9.8088
11.9768
8.0842
12.3286
10.9934
9.127000001
10.3072
9.570000001
9.0366
8.511
10.4552
9.4968
9.612
10.5406
10.024
8.0752
9.751
11.5448
6.8132
8.8286
8.2254
7.6404
8.6288
10.4102
13.9572
14.4708
10.1492
11.2824
11.2296
12.2622
7.6334
9.0874
8.9542
9.596
10.2436
8.5566
11.9908
14.8142
9.7452
8.7578
6.0642
6.1438
6.7894
7.6746
7.1878
9.1406
7.9336
7.9932
4.8522
10.0476
5.7246
7.5056
8.4568
5.433
10.386
6.7524
7.7322
6.1754
8.8938
5.439
9.433
7.8744
8.6488
9.6996
9.1806
9.21
10.1536
10.311
11.8092
11.4828
9.0622
11.866
11.2334
8.436
9.7332
10.0432
9.3392
10.1264
12.7832
12.6726
11.4832
11.029
12.9152
12.7354
10.0742
12.1578
11.6486
10.356
8.388000001
8.9208
12.2322
6.3384
8.3472
7.444
7.5554
9.332
10.9942
7.2102
9.4194
9.7628
10.6946
9.6584
11.0706
9.789
7.889
6.651
12.5864
12.2654
6.6316
6.2232
8.1738
7.6806
7.7728
9.148
10.8842
10.5256
10.0556
12.121
11.5244
12.1734
9.3994
10.141
9.822
8.6758
9.0996
10.1554
12.5314
12.9048
15.281
13.7694
10.7506
6.0792
13.7128
10.179
5.9846
6.5386
6.5126
8.6994
9.1494
11.7844
13.2942
12.4326
10.6322
10.747
12.654
11.6732
11.6182
6.4918
14.5598
10.8984
9.1868
9.290000001
17.2662
14.457
11.986
11.19
10.3862
8.5348
8.2206
10.2476
9.5512
6.7548
7.6756
7.5892
7.0112
6.0988
8.2978
6.673000001
6.928
10.2948
14.389
10.5138
7.0836
9.5192
10.5038
6.8708
9.3062
11.4298
6.7314
9.8878
12.6016
9.3838
9.9488
8.6824
7.4804
8.9656
8.9666
9.2858
12.8544
12.9104
9.5236
10.2196
11.5162
7.652000001
8.9754
7.5102
8.0332
11.2718
12.3502
8.227
8.2336
11.6058
10.518
8.2614
8.9896
9.7066
9.1034
8.6248
7.1236
6.4508
7.27
7.5352
5.684000001
6.2924
8.2444
8.5628
12.5062
8.8446
9.821
9.6768
8.6916
7.7896
6.9154
9.5644
10.5134
9.1876
7.4768
8.5522
6.6942
5.141600001
10.8852
12.523
11.8244
8.2546
10.8354
10.6764
8.9576
7.2528
12.7658
10.8308
12.8192
12.6664
12.7628
12.2276
8.8594
11.5474
11.7546
11.8986
8.3778
10.4302
10.4534
7.817
9.556
13.9886
14.5022
12.8034
12.1932
10.2234
9.5554
12.25
10.2056
7.985
7.7218
9.6622
8.551000001
8.6042
11.1698
11.3708
8.5094
8.4262
8.3734
8.1012
11.3392
8.884
7.066
14.0538
9.4716
11.241
10.9636
8.61
8.7062
9.749
5.1818
8.3826
8.2508
13.01
15.5752
15.226
12.0712
11.1938
11.8418
13.0626
7.6306
9.808
8.1258
10.2984
10.666
9.3724
12.6182
6.0672
9.1794
11.182
12.3906
7.6034
9.2042
7.916
12.3084
13.9592
5.5
5.7204
9.3776
10.7556
11.2958
9.6578
5.0564
8.487
13.758
13.351
9.9922
4.2264
9.7162
11.0212
5.869000001
13.5804
13.4454
6.8148
10.9808
10.4742
17.4824
12.491
11.8356
8.1198
5.1786
6.6524
8.425
6.7922
8.1654
14.3846
7.215
9.9302
9.199
8.0352
7.0252
8.418000001
8.9268
5.858000001
5.8516
12.5582
5.6722
8.067
8.023
5.594
8.9734
10.6528
9.7374
9.5004
7.844
8.6972
13.4684
11.159
18.3956
16.0176
13.886
8.2494
6.8632
13.438
7.4268
8.3894
9.369000001
14.6568
9.0288
12.0788
10.0166
10.8654
12.3744
10.7812
9.6166
12.8446
16.6634
15.728
14.7496
15.6094
5.8084
10.01
8.7148
8.2988
8.901
9.0662
8.9152
8.2216
11.3548
9.1776
16.5912
8.5714
10.32
12.8334
10.3586
14.8826
11.3044
9.402600001
10.7088
10.0366
8.8514
8.9048
13.3978
11.7948
11.6648
11.4646
9.5708
13.006
10.0664
7.7622
9.004
9.0728
11.5752
8.2914
9.0472
8.7312
8.5338
12.2454
7.3856
7.3298
6.2042
10.9738
12.8428
7.368
7.525
11.9024
11.0272
9.484
12.6012
14.9664
10.2712
10.3216
11.291
10.2524
13.3286
13.7978
9.149000001
18.413
15.0212
11.4164
11.2894
12.33
12.5172
11.0078
12.0294
8.8098
9.4316
10.9692
6.9352
10.0596
14.2516
9.533
10.0226
11.2396
10.502
10.9972
8.945000001
10.39
14.7834
8.9006
7.9002
12.0568
11.3686
8.4556
4.7262
7.9482
13.7734
6.7562
6.6768
9.4594
6.1564
10.9614
7.8188
6.9852
7.9664
12.2716
10.4504
6.885000001
4.8214
11.6494
9.0572
8.8596
8.5684
6.9098
7.022
9.7636
15.8152
15.0678
8.9662
7.848
9.019
5.3988
9.55
9.7002
8.1378
11.2702
9.824
7.465
11.712
12.255
12.314
9.856
8.927
9.8612
7.7962
9.1736
8.5714
12.8012
8.2936
7.7612
12.6632
8.6342
12.6186
8.761
10.0026
8.4092
8.4398
9.6872
7.2486
9.626
9.5386
7.2728
6.652600001
10.1566
5.783
10.0086
8.806
8.6618
10.4748
5.7232
7.864000001
7.333
8.9366
8.9948
9.3036
10.9502
11.4448
9.1412
7.8436
7.6382
10.8366
9.929000001
9.3158
7.7188
7.0896
11.7132
14.8944
14.3476
17.5744
12.0982
8.0732
9.2416
9.517
10.4226
8.6664
5.8702
7.7932
8.5452
6.940600001
14.5384
7.937000001
9.6232
13.4002
9.3118
6.783
8.5964
9.499
13.0546
14.2926
11.463
10.5114
6.4758
9.9558
8.1548
12.5602
9.2152
12.2304
11.4086
9.7606
8.4404
15.0584
12.6076
13.2044
15.9234
16.6432
17.2796
14.1284
13.9726
14.4822
15.883
13.8022
11.2298
11.6846
11.4844
11.158
13.723
15.9962
12.9588
10.8062
11.2192
13.6628
13.337
10.5226
9.9682
6.6006
6.8528
11.6176
12.3378
11.316
9.0666
8.505000001
11.8364
11.1922
11.4412
11.2848
13.6354
12.498
13.1118
15.1642
14.9832
10.201
9.8538
10.3454
8.272
8.3862
7.6216
10.6272
13.0486
8.0218
10.8826
10.2726
9.1298
10.597
9.334600001
10.8438
11.3532
8.1722
11.3288
10.5574
10.4116
12.095
9.687000001
9.4494
4.989000001
12.2884
8.0994
9.5692
11.8522
10.8562
7.4322
9.9072
8.597000001
9.2288
8.4422
7.2792
11.8422
7.1822
6.4962
12.1264
12.8022
9.4566
9.7862
10.298
9.474
17.055
10.605
8.9046
10.6972
12.0614
12.8808
12.4464
11.6838
6.8646
10.5228
10.7142
10.8926
6.6076
5.9792
11.3098
11.5766
10.4664
10.3712
11.1448
9.7308
13.4822
14.8232
13.5534
13.2638
12.7314
14.3636
8.559000001
6.5642
8.211
8.1282
6.2708
5.5562
7.8468
7.2104
9.0692
10.668
5.1868
8.251
7.2226
8.0964
8.633000001
8.2618
6.5138
9.4038
8.2844
9.3214
12.4672
12.9128
11.4638
11.2182
7.7342
10.951
13.038
8.3474
5.8162
6.7598
10.4306
11.8854
13.4268
10.945
10.5742
9.4218
7.2374
8.6304
9.455
5.8148
8.0492
8.9632
7.1208
10.8134
7.289
7.9194
11.8786
13.7116
10.2896
16.233
7.3114
9.067
11.9232
14.7042
8.1696
9.0244
9.0426
10.2924
7.0206
10.1038
8.607
7.004
13.561
12.4562
7.6318
10.0584
9.1596
8.5838
10.5818
8.7542
9.1428
7.766600001
9.5198
10.2444
7.0188
9.6624
10.425
10.6474
9.6928
5.6176
6.3482
10.0612
9.8062
10.6996
7.7828
9.7226
12.343
14.3724
7.1026
10.7628
8.2816
8.0802
8.3812
8.7072
10.8732
10.455
9.6176
12.0558
13.5602
13.866
8.8192
9.009
9.8862
8.4424
10.1092
8.8054
9.418000001
14.2216
16.9368
9.887
13.5294
8.3172
11.2302
18.3146
11.99
7.7246
8.3876
10.4126
13.3222
10.9768
9.6936
7.874
11.2526
10.9592
13.1626
8.3088
7.1438
10.2676
8.6814
11.5332
12.7322
7.393
14.6528
11.5022
10.7616
10.6854
10.3266
11.236
7.4546
9.2408
9.1164
9.4158
11.8358
9.9432
11.1918
7.189
7.204
11.3116
12.1872
10.7298
9.4656
9.6306
15.578
7.736600001
11.737
10.793
7.327
11.5886
11.6828
11.8262
8.762
10.7296
12.5036
11.3518
8.8788
15.1686
11.594
11.912
11.0094
12.682
9.9784
9.3948
9.1386
7.720000001
8.1948
8.2132
8.8298
10.0282
5.8832
5.7942
12.0694
13.0332
8.8338
8.9574
8.7886
10.6646
9.0008
6.388000001
12.8622
11.4048
8.8362
8.898
9.2394
13.7754
11.681
8.7368
11.0324
6.0176
9.9948
9.5834
12.0506
9.5016
10.6276
8.3678
8.1166
7.1236
7.4424
8.0652
7.7604
5.7294
8.4082
10.16
8.1218
7.863
11.6002
12.0488
9.2622
12.6896
11.869
10.0774
10.4444
10.557
8.8574
6.489000001
10.3652
11.7414
11.2728
8.5822
10.122
12.0462
11.9756
11.7348
8.796600001
7.720000001
7.5746
9.0226
5.8972
8.3718
8.548000001
8.7292
10.1128
7.297
9.1848
7.3266
8.9176
6.2894
6.402600001
7.679000001
5.7942
8.8648
8.057
7.879
7.8266
6.5378
8.7426
10.0466
9.809000001
10.4796
10.491
12.412
8.8474
12.6568
13.1244
12.2204
12.9232
13.4076
13.5276
10.933
12.2298
8.7078
8.0684
7.9946
7.0184
7.0538
6.777600001
6.719
7.5836
6.687000001
7.9798
8.0408
8.1534
11.561
11.2524
10.7132
8.93
6.4768
12.7408
11.8266
13.3052
11.5634
14.8456
14.854
13.0246
8.6456
10.5012
13.0446
8.9238
8.2956
14.9844
16.7294
8.5516
11.592
10.0612
12.4158
8.8016
9.4192
9.4356
8.4572
5.5726
8.8772
8.3442
9.3638
10.3796
11.1606
8.9776
11.244
8.5606
8.1786
10.119
10.757
13.321
9.4978
12.353
8.8364
13.974
6.927
11.6614
12.2982
10.8868
10.521
8.4624
12.3036
12.633
11.8134
7.4656
11.6592
12.3834
6.126
10.6122
6.2648
7.8612
9.1498
8.8886
5.6936
7.5534
8.9404
10.9488
9.4522
8.7838
10.2168
10.4242
9.8582
9.6202
11.5684
9.041
5.1926
7.1942
10.5042
5.9638
6.909
9.5292
8.7092
8.8566
8.038
11.1642
6.8186
6.1974
8.5632
9.1638
7.8854
9.2788
8.2682
12.194
6.6868
6.158
6.5694
9.322
10.897
12.3834
9.4214
12.2364
9.6572
9.554000001
12.8714
9.7546
5.6736
11.0066
12.7108
8.2936
9.711
9.9696
10.557
9.092600001
9.448600001
10.3676
6.267
5.7598
7.0962
6.8526
6.6542
6.3218
9.5576
9.0872
11.1346
9.124
11.6056
10.0596
5.0694
5.8338
6.429000001
7.5706
7.2238
7.067
10.1792
10.074
10.015
9.7408
13.624
8.1772
7.6764
6.3452
7.909
9.421000001
9.2862
5.660000001
10.3882
11.8806
12.8554
12.9224
11.6406
11.7618
8.028
7.7652
8.089000001
9.2982
7.277000001
10.1126
9.0554
7.1324
9.9766
6.9784
8.7484
11.5806
8.9266
8.7438
9.0972
6.9644
6.579
9.687000001
8.9064
9.4214
7.6574
7.4882
8.3556
8.4144
9.261
11.5168
8.008600001
10.2238
5.5554
8.4204
8.3444
7.4412
8.2162
9.6748
4.9784
8.1266
8.3806
8.348
6.2862
8.774000001
7.6516
9.3734
10.5756
10.8968
10.4612
7.073600001
9.8672
9.3974
12.4712
9.8568
8.0008
8.8154
6.2514
5.9658
7.4948
8.161
8.707
9.1836
9.7248
9.416
7.1366
7.2278
8.4454
8.8398
9.2734
10.132
9.7044
8.9382
5.4324
9.9568
10.4046
7.5312
12.6764
7.0608
7.2456
11.141
7.6532
6.696
9.6384
8.227
9.1838
11.3788
11.407
10.537
9.6252
9.2002
8.3948
10.6756
8.9034
8.2234
11.467
10.7848
9.3074
11.6344
11.4758
9.9478
8.8738
14.617
7.104
8.7396
10.6474
9.4936
13.4418
10.4144
5.595000001
12.5152
11.5054
11.513
9.354
11.0094
8.5884
7.5516
8.4874
7.272
11.4286
8.738
6.4904
12.0766
11.0666
7.9368
9.9802
9.9046
6.4962
6.6236
7.7538
5.7608
10.9706
10.336
8.2164
9.0644
8.658
7.3332
6.6024
9.072
8.4618
7.824
8.8192
11.4146
10.8146
7.8804
6.788
11.2704
5.7978
7.5378
9.5462
11.0412
6.7794
6.5992
5.4278
7.6502
9.2002
9.5184
7.7634
9.3922
7.0666
12.653
7.8356
7.9342
8.0692
8.0488
9.134
10.7482
9.361000001
7.742
7.5126
7.1076
6.494000001
7.9968
7.7064
7.456000001
7.0872
7.507
8.1912
7.2596
9.8922
5.4064
7.6246
7.2104
7.0194
7.4842
7.2132
8.2846
10.5268
7.7692
7.086
10.772
13.9922
8.9404
8.063
7.9052
8.1634
9.3256
8.6494
8.1534
9.022
9.0804
6.8466
8.3826
8.1174
9.7174
8.7062
9.6234
10.0466
12.7566
6.8442
7.289
8.1628
11.4994
11.7212
7.9426
6.663
8.2368
6.077
6.2868
8.4778
8.8716
6.410600001
9.8048
8.994000001
11.2146
10.521
9.9536
8.089000001
7.9608
7.0422
7.2296
11.7542
9.7538
5.2112
5.9562
9.8204
8.398
9.2902
8.959600001
14.9956
8.8328
9.2064
12.6638
7.4684
4.1936
9.1834
9.7074
7.3806
7.483000001
7.334600001
7.4262
7.9962
7.7222
9.2692
8.108000001
9.4826
9.4644
11.109
10.5226
7.4144
7.7736
10.2302
9.9928
5.373
5.9322
8.7744
9.0924
7.834600001
7.9536
4.7992
5.9796
9.4
9.1704
7.8476
6.8802
7.3144
7.1428
9.357
9.248
6.9746
8.3594
7.981
8.3314
13.715
13.14
8.7676
9.2314
10.6864
8.7572
7.8552
8.3428
9.3844
5.7216
8.436
6.781
10.3582
8.8488
12.9766
4.6414
9.186
10.857
8.1918
12.419
11.887
8.5636
8.5746
8.0644
14.3394
9.7786
8.734
11.5154
8.527600001
8.6288
10.1822
8.6064
11.3552
9.1178
9.6684
10.3678
10.5728
8.9558
11.8446
16.2494
7.743
8.5756
10.9006
13.2608
9.8366
6.0374
10.324
9.9644
10.2334
11.0026
14.953
9.7664
9.4882
9.4888
9.457
8.7694
10.7398
10.5644
12.1668
11.5468
10.7476
10.252
11.6274
11.2648
14.703
11.2944
13.7286
13.1542
7.1394
9.8422
11.504
13.128
10.6948
8.2444
6.3588
6.746
8.217000001
8.469
9.9894
7.4194
7.8398
7.782000001
8.4686
7.2462
9.641600001
7.6338
8.7082
7.6318
6.0358
7.9168
8.977
8.4096
7.6898
7.764
7.0966
6.1814
10.4218
9.8486
7.9408
8.5974
7.5442
6.3012
12.0014
10.257
8.5246
9.4518
6.7658
6.8976
9.8758
10.4568
9.0438
8.5698
7.5244
11.586
12.1062
10.0922
14.678
13.3734
7.539
7.0214
5.9554
8.7186
10.2244
8.2222
9.941
8.747600001
6.3552
7.6546
8.3508
10.1696
10.2924
6.5866
7.017
8.2322
8.7658
14.1506
14.3972
11.5062
5.9952
7.2118
7.2744
3.7082
6.294
8.121
12.0942
14.0944
9.2244
10.8418
7.4066
10.349
8.1828
7.0714
6.9172
6.6866
8.2594
8.0516
6.3306
6.7818
11.0036
8.007
9.3234
7.1586
7.5386
7.1192
6.8834
7.478000001
8.3724
5.895
9.1932
13.2772
11.5958
11.5588
10.0044
10.4402
8.4894
8.893
5.9132
11.1182
10.5
9.4904
8.1682
5.8684
7.087
7.9374
8.0328
8.9434
8.369000001
8.603000001
9.333
9.7192
8.397
11.2832
11.7704
8.7676
9.4472
9.497600001
9.4088
10.169
12.9942
10.4888
8.2822
5.5756
8.3072
6.8478
8.222000001
7.0008
11.9862
7.292
6.4028
10.169
9.7078
9.8992
9.5486
9.4094
5.7986
8.035000001
9.0808
8.8048
9.5694
10.0922
12.402
7.9556
6.5516
11.8684
7.9658
10.4
8.747600001
9.5828
9.7292
6.7876
8.5066
10.6978
11.6858
6.660600001
16.4202
15.7846
11.4768
8.4468
12.7432
16.0184
9.6594
8.5332
9.5784
15.5726
14.2064
12.2462
9.2702
11.4208
11.6152
8.5816
8.5398
11.941
9.5582
12.083
7.6138
7.2632
8.2156
9.5638
10.957
16.6832
7.7528
8.11
9.0536
7.6132
5.976
8.7546
8.8422
10.145
9.1964
10.2136
10.6496
8.1914
9.2372
10.2142
10.1214
11.1038
8.754
9.4012
7.706000001
6.5326
8.8792
9.1732
7.665000001
6.7042
5.9822
4.8582
9.924
7.2932
9.1678
9.8216
10.0982
10.1306
9.205
8.6198
6.5586
5.5584
5.141600001
3.831000001
5.7326
6.4422
8.8008
5.9196
12.4102
5.6584
15.346
14.8674
8.4762
12.2184
13.1838
9.1956
9.2904
10.8112
11.418
10.1654
9.1132
10.5634
11.702
6.3624
8.1788
8.7198
9.2486
6.2816
8.3366
8.205
6.4532
7.9832
6.806
10.3614
10.9142
11.1618
8.2568
8.0872
8.2488
9.2714
10.4974
8.2
9.3522
8.7662
9.1102
12.58
12.293
13.3634
11.1386
10.1928
14.5258
10.9882
8.5352
9.6096
7.367
11.4912
6.2152
11.8774
11.3378
10.8932
11.1494
6.7692
8.4746
6.1762
9.0232
6.2046
7.3406
9.2942
9.5144
12.7618
12.0024
7.8124
6.8022
11.264
7.0818
7.8806
9.2216
13.4892
12.3618
11.083
10.1226
9.3824
11.0734
6.9412
11.4848
11.5712
10.3868
10.2548
10.0488
10.322
9.5036
9.1772
10.6078
11.7054
7.9126
13.1176
9.3638
5.617
9.9626
11.318
11.7112
7.0786
7.8348
8.4326
10.2022
9.3394
5.9434
8.7232
8.0886
8.4804
7.3742
10.2038
12.6576
13.1538
7.5618
8.7304
6.1182
7.4404
7.9602
7.4622
9.9728
10.923
8.1686
5.9402
7.0564
9.6378
9.338
8.971
5.1708
8.7254
12.9418
12.7276
8.2
10.2296
10.8618
8.673000001
14.5024
12.8182
12.3266
12.036
9.9938
9.8404
8.7482
12.0218
10.5908
14.8988
8.1916
9.6228
11.9042
14.0948
9.7878
8.2048
8.7988
8.938
14.3908
6.940600001
11.977
12.0982
9.087
10.0562
8.622600001
8.5574
9.802
10.0592
7.883000001
9.065600001
9.1836
5.5288
9.6514
7.8898
10.854
7.3392
7.5274
8.1572
9.445000001
15.0296
11.9828
9.8814
10.6512
5.3078
13.5032
8.9558
6.6202
10.4668
10.99
10.8024
11.9564
10.0314
8.1476
7.4466
8.9696
9.4554
9.144
8.0456
10.2476
11.4002
14.689
12.1188
12.5482
12.9226
10.6166
7.8556
8.8872
6.893
6.5032
10.6928
13.5972
9.1958
9.9978
10.1846
9.3488
8.255000001
7.1958
7.8788
11.2054
7.3328
8.3738
8.9614
12.4628
9.389
6.2736
8.1492
6.026
7.2262
6.3548
11.9332
11.4222
10.812
10.2714
9.9222
12.4088
9.697
10.661
12.7594
15.4338
9.1344
6.3112
9.0812
8.3684
10.258
9.7124
10.2814
7.9188
10.9662
11.2724
8.7244
7.572
6.6428
10.6898
9.025
12.331
8.1676
7.568
6.6632
8.8032
8.1564
10.3238
9.2704
6.6186
9.3326
6.1784
11.1964
10.2182
11.9764
8.2934
8.09
9.791
16.8258
7.4928
11.5302
9.2888
8.7022
10.5532
9.1654
9.3954
8.3798
7.2622
12.7724
8.138000001
10.6238
14.8352
10.9278
11.6662
9.8188
10.149
8.12
7.1306
8.046000001
10.6022
12.1252
9.1082
8.910000001
8.9306
11.1796
11.142
7.2952
8.7826
10.1264
11.151
12.5462
8.6214
8.598
10.4678
7.543000001
4.9914
8.8464
6.9112
6.6764
5.0626
8.7772
9.6858
7.6392
7.5962
7.660600001
11.7278
11.4274
6.1182
9.0502
7.765
8.804000001
8.911
6.3312
11.9
10.0458
9.8934
9.7378
7.2782
5.1722
7.6154
9.3186
9.6162
8.529000001
9.2798
8.2394
7.2148
9.7292
9.2926
11.3992
12.3732
9.0964
6.1432
10.5414
14.2952
10.1474
11.78
6.4018
6.0584
14.8786
12.6084
10.173
8.7558
8.3654
5.902000001
7.084600001
11.1906
9.4764
9.0548
9.195000001
9.6004
11.3188
9.2108
12.0222
13.906
13.3008
12.0036
8.073600001
11.8812
7.7294
9.6408
6.6334
8.705
7.9164
10.5408
8.7444
11.7446
9.7602
10.5814
9.9404
7.459000001
6.729
9.0638
9.4242
8.7228
8.544
8.6328
8.707
9.0976
6.679000001
5.9022
7.177
6.622600001
4.6656
7.1852
9.2622
7.5032
9.0326
8.0696
12.9034
11.2336
10.2886
14.6476
14.2792
11.7876
9.245
7.2264
11.4606
9.1182
4.7918
5.2832
5.0442
8.9628
9.8036
10.0614
8.6452
8.561
7.9686
5.6852
6.5624
8.5374
5.185
7.9224
11.429
7.1322
5.9824
7.9888
7.1488
7.62
5.9724
10.5312
8.4184
9.2478
8.275
7.9408
8.566
7.2316
8.4122
8.1498
8.2422
8.439
6.0554
6.3406
7.8194
15.4786
15.8334
10.1628
7.198000001
8.5202
10.0106
9.852
10.492
9.3754
9.8758
13.6206
14.8842
12.1072
8.5594
6.2678
6.9096
12.1804
8.8352
7.7788
12.0554
14.5776
9.5468
8.721
10.7598
12.8464
10.2086
11.9366
10.4036
10.7794
9.1306
11.6428
11.7092
11.6472
8.8362
14.0446
13.7108
11.1702
10.3062
10.5412
15.9952
17.8066
12.79
12.4162
12.1888
7.9546
12.8262
8.5864
8.5928
10.1078
6.7
11.0516
9.2284
8.4506
13.3556
11.7032
10.6008
11.844
11.3798
9.5364
14.537
8.6662
6.9402
12.1834
9.8862
15.067
8.0544
9.5814
12.8184
6.701
6.0462
8.424
12.901
8.8222
5.3796
8.1378
9.5198
10.1118
8.027000001
6.4466
6.973
13.474
10.5356
10.437
10.8604
12.8054
9.6098
9.5678
10.7396
7.3228
7.9626
10.5766
9.115
12.0208
7.731
10.9822
9.2374
12.2386
7.5096
9.2232
11.207
11.4354
8.2292
7.6126
12.4476
9.1912
8.5028
7.84
8.5458
10.3388
10.4198
9.2216
7.3948
7.1314
8.7952
9.9168
7.8822
9.8344
6.228000001
11.022
9.284
10.145
9.401
8.6486
9.487
10.3364
10.4296
8.6888
7.681
8.4832
10.5362
8.6576
9.7148
10.0158
13.6946
11.4398
6.9312
8.1408
8.5004
10.2474
10.8668
11.408
8.6252
9.804600001
7.7694
6.2862
7.5114
6.5844
8.0708
10.6452
5.8576
9.3438
10.2314
11.7248
12.1024
9.4124
8.58
8.7426
9.6038
7.9386
10.823
6.1814
8.9996
6.8474
7.9966
10.0748
11.248
13.8116
11.4734
14.6484
10.5758
10.6384
14.4802
16.3234
8.1362
6.5498
8.1708
9.373
8.5554
11.3262
6.131
8.7996
8.1692
8.6798
7.2218
6.5886
7.5508
8.1044
7.3174
10.4074
11.912
5.964000001
6.8364
7.6696
8.8106
8.2546
8.2734
8.3058
10.2352
7.5984
7.402000001
9.2728
5.7214
11.7696
9.4968
10.4504
13.1286
13.4506
11.2952
10.3986
8.6096
10.101
10.705
7.6462
10.1858
10.131
14.6306
10.5812
7.6048
12.5358
6.3074
7.9302
8.9316
6.9022
7.9548
8.3248
12.862
13.0276
11.8126
8.8766
10.1412
9.0008
10.6928
11.3134
9.4074
11.3782
10.6292
13.6134
11.4092
8.0354
10.157
7.5942
3.8162
9.1642
7.9672
9.2156
7.4398
8.135000001
10.8952
10.5442
10.7142
10.4358
11.4844
11.9508
11.8798
10.0228
9.8764
12.3372
9.0552
9.7618
8.314
9.9478
13.119
10.8368
6.9984
7.2292
8.6066
11.0934
8.0642
10.2332
9.5584
8.5776
7.3122
11.2316
10.9212
7.045
9.0628
12.1344
10.3738
12.3656
12.6884
14.2764
12.8382
14.811
12.2354
11.3454
10.9694
10.9044
11.197
8.3906
6.6462
7.486000001
9.132
8.2828
9.6274
9.7312
9.3126
14.963
8.4854
8.6736
12.1728
11.3766
10.349
13.3224
7.220000001
8.4404
7.9888
7.9972
9.1252
11.151
13.3666
14.9928
12.1664
12.0098
15.7044
8.4736
12.7394
10.9342
9.698000001
10.8072
10.6938
10.2122
8.2644
10.3002
10.4502
13.0152
12.062
11.271
11.786
12.7136
12.6618
14.1846
11.2624
9.7672
8.8044
10.2532
9.9918
7.837
8.58
8.5986
8.410000001
10.3968
11.037
8.7138
12.9696
9.664
10.8892
10.2426
12.9528
14.7146
15.1238
14.6894
11.1186
9.4724
8.9666
12.048
13.1694
9.3424
12.1756
11.4632
7.3746
8.9356
11.1684
9.436
9.4058
6.4684
6.6136
9.514
10.3174
7.016600001
9.4578
6.1852
6.2178
6.7604
6.3592
7.0272
7.567
8.6156
7.9918
9.533
8.6888
6.0912
11.0164
8.7062
10.675
7.6152
6.8546
10.684
10.583
10.8626
12.2174
11.5224
11.3596
10.4538
12.302
12.9324
11.176
14.497
13.8084
15.0386
15.0068
15.9736
13.7388
12.5746
12.1686
11.6884
8.8604
15.206
9.815600001
13.3578
8.9546
10.5188
10.5288
12.4084
9.925
9.4998
10.9026
10.8082
14.3554
12.7896
17.1728
13.7066
11.3544
10.6316
10.7508
8.969
10.6138
6.7734
13.094
14.0058
10.549
11.2504
11.4068
8.568
7.294
8.5508
11.2894
13.0958
10.2678
5.5438
5.7324
10.816
9.7768
9.9348
10.669
10.2322
8.629
8.3284
11.5398
14.83
14.587
13.467
20.0926
16.033
14.948
16.111
14.5524
16.033
13.9484
11.3996
11.574
14.0114
13.5076
12.662
10.0946
11.3186
8.8608
8.5346
9.5726
7.2348
13.713
9.5732
11.6388
11.2882
11.3792
9.681
12.1956
8.5224
10.169
9.3142
8.3902
11.632
8.2904
10.9968
10.5808
11.089
8.3624
10.278
6.0446
9.6138
7.4284
8.0448
12.4272
9.2324
7.3162
9.6308
6.5708
7.160600001
14.2026
11.587
12.5268
11.5672
10.0218
9.935
10.6852
8.9302
12.595
11.266
11.6902
13.341
9.4716
10.3548
8.0172
8.7106
8.914
11.2542
12.0018
12.7334
15.5326
11.1326
13.0048
12.7996
7.9892
8.9632
12.67
10.4728
7.0734
6.8568
6.002000001
8.5494
6.2858
8.0494
9.0298
13.1332
12.7326
9.7758
12.997
6.7936
6.553
7.9742
7.1012
9.5354
10.6048
9.0848
11.7004
10.0576
15.2554
10.4152
13.5712
9.0028
10.3382
12.111
11.3774
9.774000001
13.6596
10.5324
10.786
10.4566
9.7182
8.8492
10.4012
9.6574
9.606
9.3104
9.725000001
13.012
10.3012
13.71
11.5754
10.1282
9.9138
11.803
10.1566
13.3726
13.3064
9.8326
12.4016
7.4736
9.7624
8.7746
13.6662
12.425
12.402
14.3778
10.6062
7.7654
5.861600001
7.7136
6.3782
11.6924
10.117
8.9958
10.1606
9.059000001
7.6474
7.8504
9.3474
6.3738
10.2284
11.104
13.1882
8.5046
14.6554
8.0762
7.9802
7.2434
8.2858
9.7992
8.5818
10.1314
14.454
10.9138
12.9618
17.6236
13.5936
10.9764
11.4426
8.1946
8.0856
6.8396
4.9738
6.9886
7.592000001
7.3276
7.0358
9.0256
8.5286
4.736600001
4.986600001
7.7334
9.0994
9.5686
8.9132
8.6032
8.53
7.459600001
9.5274
13.0468
11.3052
8.1556
12.2432
11.001
11.0092
12.365
14.017
9.3806
6.8798
10.4332
10.4356
10.0116
11.3986
11.231
10.6232
14.6738
12.7406
12.954
8.1096
13.6184
9.862
11.4066
9.2922
8.1478
7.486000001
9.7072
9.5104
9.71
7.2524
7.3448
7.2562
9.1728
9.586
9.685
9.9202
11.0678
8.9324
7.7204
10.6912
10.5048
11.7844
10.2966
11.0652
10.7194
10.4726
11.1044
13.308
11.608
13.052
13.2918
13.7112
7.6914
9.1452
9.7732
9.6424
8.7642
9.1078
7.3266
6.8964
9.3542
10.1562
10.0848
7.7376
7.7954
7.4224
5.4972
5.5432
8.9518
9.0794
8.1424
11.149
8.3724
8.9434
9.2406
10.4788
10.7978
11.5128
8.9094
9.760000001
10.771
12.512
7.8864
9.7448
11.488
16.8762
17.7822
16.5546
10.3928
12.0578
9.0636
12.3082
8.8298
11.2648
10.9326
9.4902
10.0136
12.7536
7.0744
8.9016
7.5948
14.0208
14.051
12.3126
12.561
9.959000001
12.4396
11.7168
8.4936
13.6308
12.6752
11.8392
13.1126
11.2616
11.8976
11.5948
8.3018
8.962
9.5862
8.9438
8.2688
9.494000001
6.4888
8.3908
9.125
8.9978
9.4488
9.5826
9.0282
7.226
5.9608
6.3534
6.3994
4.579
9.5314
10.3348
7.5228
7.0372
8.3054
12.931
10.2214
6.5622
10.193
8.6408
6.9376
7.9838
8.3702
12.1858
7.9668
7.679000001
11.4188
9.3328
9.2976
10.1304
11.48
8.6402
10.018
13.327
9.3022
7.7042
7.7652
7.0128
7.2934
7.2298
8.6084
8.5214
7.2446
10.0912
9.4546
11.3722
11.7558
11.8466
12.4838
11.4944
10.136
11.5944
13.7372
11.618
9.0476
11.7404
8.9098
7.307
10.685
11.4148
9.1968
10.5958
11.5278
11.7264
12.3892
13.6518
9.1442
14.1986
12.7178
12.6026
8.4258
13.5732
14.269
18.4846
14.1678
8.583
7.8468
10.532
8.6504
8.8306
7.23
6.3174
8.8852
8.583
12.0854
10.3764
8.0048
8.3172
10.889
10.5152
14.0184
6.7442
6.7688
6.5758
6.641600001
10.5156
9.0002
11.7464
11.5264
9.0606
11.267
16.0846
18.0408
14.8826
10.761
15.2834
16.3402
14.3222
17.168
11.2576
11.085
11.1008
11.2038
8.3316
9.2324
8.1238
12.832
7.4908
9.815600001
11.9358
11.4564
10.0902
9.967600001
14.8832
10.1114
10.0212
11.347
10.58
12.8682
13.3292
11.2102
10.0994
9.2622
6.5488
8.8368
7.3514
10.616
5.2634
18.2568
