-148712.72596642643
-113366.44383618562
-6345.1382249010794
336525.32913595956
1685710.0908281107
6281728.4292933987
4940830.2783661615
2292498.2503773374
1308080.6146249408
873357.82728620479
642668.93411218934
503074.79889258504
20254.530017346049
21857.367613062615
23697.677360040871
25817.410446865295
28284.888693286241
31164.57902552843
34533.837678424679
38479.204858088524
43097.713824392631
48423.85934816661
54396.269461551965
60719.364939915431
66747.761887827655
71242.500336425393
72509.403767514857
69096.258655333659
60904.748872499789
49604.834224791681
37635.905548154449
26874.22174393466
18134.597286756725
11458.227243192741
6531.4789956764098
2965.0574601170629
406.63235378955767
-1424.492651086616
-2729.7656866848697
-3658.5026712179242
-4312.1302753331411
-4765.0041375941082
-5074.7057119547353
-5284.1941987512682
10489.818624621781
12761.618445973259
15961.485760326173
20713.940272349941
28213.016742410175
41216.323391050697
66538.45522076817
126073.43334201188
324960.58627217077
1776636.9165396935
1921971.8622689005
320331.8006350479
117083.17240628751
59340.488443210881
35903.930367209367
24320.980852095185
17839.424938736145
13837.081161022119
11183.608614298377
-1787.0645349083302
-1270.1044266301719
-268.22746702523312
1659.9168371499579
5345.2143777250194
11876.476367355155
-1633.1939801437777
-1067.2300044622104
103.76144269851464
2491.8945499878032
7280.445144393414
15916.891652213277
-2546.7552660981783
-2407.5035831504524
-1083.7794533765948
79.418824182287835
2453.7356200108898
7216.8867064359974
15809.372901003428
-2263.7385209104114
-971.26614193400803
347.41919588028969
3236.8016391242627
9259.3574628697752
19633.793341866087
-6148.4856873637473
-4470.7933033447935
-1208.3300163849997
-8159.2901203215761
-8816.5519071977596
-6761.229017585475
-3884.4077648503567
-8628.4330093072949
-6684.857742185648
-2121.0142042438356
-9181.014250904218
-5652.5853051730064
-13762.635831698315
-12666.313685226836
-9624.2722192754882
-6618.5387078225285
-4584.9294272938259
-10960.789586497596
-8577.8784558951011
-6406.5173231156969
-4890.2475644118558
-7133.1039171115617
-5730.2242968755263
280.98564274564319
312.44614817404312
347.31388322811796
383.67731750281899
234.70360053461363
260.76885048784362
290.73881781758956
324.22210601303567
359.21985282988248
-23.016641812926274
-12.537146689268468
-0.94054873633275438
-29.729612149062941
-20.981833928090314
-11.237441505362241
-37.661594127613803
-30.948405092604155
-23.380330586491407
-47.675317365446702
-43.394469141509951
-1018.5463306122507
-1279.8147692180619
293.25392790091979
326.63784345670456
24.118068909787496
41.119235474489756
220.08831258221326
244.26223310872984
272.46233547859106
304.28404678082529
337.6419133538011
371.2591077982471
222.60747648753599
249.027790130048
279.22232050360742
311.00544640914399
8.2064394907726665
18.468320125132045
117.2196839025889
135.43717361209659
158.44727240320788
-14.18736355795704
-7.9339279019235498
-1.441862451116632
6.110019738699827
14.385404496222394
74.309490864103012
-11.078743216845533
-6.5208525582299197
-1.9690831399349491
3.4580607853705865
9.3993347030603847
-8.2424338393613112
-3.459823142037997
-0.57060849295384386
2.5835535061800767
-8.0314494243370103
-8.274043713603616
-518.91993867526435
-671.45208984679641
-949.20758446276443
-868.77510792758642
-1246.9684657326668
-1130.4975326734575
-865.46000764450798
-1494.2458310604022
-1093.6430741385414
-2011.5813063648536
-1381.9802874950192
-2776.0580991395937
-1768.9154905118476
-3998.8749279095446
9.440319852400707
24.126556515061022
40.153529321153577
10.150282422156055
23.81365736576749
38.723265789408956
10.499894167734883
17.470093829357914
108.84148364921064
123.71813790226598
143.68828046929107
165.93652593686659
20.926485088590734
26.478285904587541
31.95569566623605
72.904019278723624
78.960594711155252
91.177719990270489
108.9385614369312
129.25189480015297
150.4277405022894
32.832967358459037
36.75115417742002
40.275720987253649
42.459863681611871
45.199030872381975
54.714216987581274
70.309696630991525
88.789365586440397
45.867925138966228
47.859680428204456
49.065603764905113
6.9066228817620221
6.2413882756780978
13.094088604189873
58.216580532528091
-192.7230544580801
-286.07804750769986
-540.07168800894158
-78.419097853568815
-397.61609076398156
-730.41921349582969
-103.79563748579092
-537.67349928425335
-975.66078636696795
-113.74091880994578
-714.75061423568013
-1292.7817984066444
-93.797031142899854
-946.61658333458388
11.091548429636283
-1233.66718239337
328.23144400448723
-1547.2993438189997
-1822.9963665932489
61.149794568357073
65.979653008280565
70.34908949981947
86.768865508261584
89.190946297367688
59.041785382643567
73.836140141837149
110.20728160178899
9.5334632302649194
18.600312950234052
31.379922283864239
-35.35089258871313
-28.482273411529999
724.76271429823976
2408.7308660236754
1041.084646642189
3691.995725170455
1524.2544448317274
5677.7510957623699
2183.8192966301403
8113.675628302215
2861.6806242044977
321.4561382925823
318.70980456308536
312.5890944833933
411.16363288139934
405.66385304617148
395.27999150254732
509.09862144951495
-413.63389202278881
-353.18195397124612
-442.01386796285999
-226.59822802137847
-368.97942175362698
-461.05118240723351
-517.77012071931745
-229.00599640456161
-376.12157015227308
-471.8504080397488
-531.54050624022898
-223.01114765735656
-374.85723048834598
-474.62410521369338
-366.65811650265169
-470.62431906806881
420.34549825746149
415.11961037974896
404.94941951643659
539.27450094668598
531.14479814393451
515.97725367138264
682.23046706824948
670.57883944080606
649.07206881745401
836.39433673072563
-267.48578860185233
-162.55988181125957
-282.99944803291589
-363.06859578566463
-417.83991301715321
-165.55993839580148
-290.34263580191447
-373.88217065594438
-431.4684481042176
26.244708358140198
-161.77099787877205
-290.87634762092671
-378.13149039475445
-438.87978799060659
40.838239316840372
-151.68115000931192
-285.0174883085823
-376.16505487273963
-440.36717929324885
59.338030132892946
-136.82478397236892
-274.08990061043704
-369.12390422606205
-436.91181331935132
82.074622843817579
-116.98701521699556
-257.92207639762501
-356.84363587139563
-92.737741787093043
-237.03206614234824
-339.77297298918603
694.65175075763602
683.40801031737169
662.20575684273388
883.37870488883959
868.27980004931885
839.21697504491169
-130.9365425510041
-235.1171101758662
25.451216737084053
-129.04089561813691
-237.19443284903156
-315.26343680001571
36.969846281625216
-121.76665052275347
-233.83648527234863
-315.39350413025426
52.880279219506697
-109.62377014705322
-225.48466360127256
-310.58560979874318
-374.33154899973403
71.711511635450137
-93.918432164256032
-213.28468253901553
-301.83973777805528
324.0313146698889
93.742137084478031
-74.462549501036634
-197.08316277438092
-289.01598579035169
118.55930112805194
-51.679738922926241
-177.27394018734171
-272.46552569760405
143.56951656197779
-27.930129871860292
-155.98319317493261
1110.886366019145
-109.75808757152791
33.339109426604281
-100.42707155345731
-200.45009593456658
236.88355727448695
49.88641595443984
-87.219938558504694
-190.60162383955017
257.72894480807543
68.720936536573333
-71.240512717250439
-177.7205478154838
-260.2402361068954
280.39026236348872
90.08780503321104
-52.311760639827405
-161.66125079280286
304.6175380116818
113.67049514456274
-30.756321880875252
-142.7313068706365
137.34980275675443
-8.5191988218723935
36.858951375814485
55.604204091697476
76.423063838257718
99.070519289469956
-23.807753441076436
50.404466217810374
134.82062303540937
230.90884249215145
-98.459536891070513
-32.934270957042955
41.290119782277635
126.03092487114358
222.83582157915194
-43.769924749290787
30.300541510799832
-405.18836505331029
-358.09482102779424
-413.40697536008167
-366.97519951655573
-422.19648903408626
-376.62449966940699
-432.22473576472061
-387.77410623280497
-402.19391697580369
-863.93096471313379
-899.81731148522874
-990.66495106368654
-921.8722121548202
-808.88966632514837
-31.407259264339874
42.855701122031697
127.62873908241717
-367.87854277803382
-319.2392791242321
-104.90582894442606
-39.626099134573423
34.570705943838178
119.59622523548968
217.07962902225694
324.13615433791097
-49.468692463233452
24.475470640536575
109.57654154512421
207.55083714406774
-447.21089493694717
-400.86165489344808
-353.93781749027266
-24.180289411329298
-451.98614153767448
-406.07812614224684
-359.85227437272499
-108.53431663459796
-39.49479567851516
42.426111499164548
-456.70848761950185
-411.39610303162863
-366.07448022039603
-180.96452417425866
-124.48794215202182
-57.637121789727907
-461.94673602790658
-417.44173523762805
-373.29733093370942
-143.98493447207127
-425.87104178727958
-383.30299358780809
-695.66286165250904
-704.8541388819574
-695.80420973692151
-661.62575976087396
-596.90703698399454
-740.60069945867508
-491.70942898152094
-666.76812769881622
-338.99713641798934
-144.93490071667776
-373.02708608124902
-324.48702691280374
-378.74639563516934
-330.39893521642597
-441.04409857137529
-394.70927415241744
-93.782857407510349
-24.138057032941685
58.344810539653274
155.90152501587093
-442.25304513196852
-396.36064781553921
-162.1764673012992
-104.84056266928116
-37.153672285627415
43.696000490017873
140.06630895106568
246.99439667853287
-442.83290495014188
-397.53912363233644
-172.45980556224123
-117.81350399502873
-52.680385266384164
25.918909206306971
120.47207152330448
-443.29081402099411
-398.81035265346378
-185.18439398881719
-133.943557638122
-72.125245548935027
3.4347316004875621
95.356833342369953
-401.82230542105407
-156.00638699181445
-471.9796436652187
-512.05862630041759
-493.58710117792901
-451.55497600441623
-380.06440165811017
-276.55250139209386
-135.77891493843265
42.19987853916691
243.3812377635563
-430.70575288626037
-384.90835595671018
-35.263254500293442
44.023482518272601
139.1897675515871
-381.23790283589938
-47.753684962232796
28.804847101419917
121.63645281079543
-376.88953872959638
-63.774548417527349
9.161514182496596
-167.25398199650252
-68.977890166914548
61.766338275266563
223.16982996636864
414.70545681734728
629.78104202080215
-216.60262554518062
-177.52720649436634
65.151292015502335
417.23568107351167
105.08786589494579
-166.14804592721137
483.01485492768018
152.37963580878807
-132.15510459338915
546.72445323614124
202.69414728193746
-91.21660913319306
255.73806929414948
-43.959105516788561
309.92199983331193
359.61295833905604
-212.15499840558084
-166.82686989682011
-113.91514381346484
-54.790989399660035
252.52599729704733
15.097573777787016
279.04832221941206
19.50921404650077
631.93513043683754
314.8096013863547
36.877096693006401
-197.5618389233849
692.09046091852065
355.27428892848803
63.09957151291222
-181.98911857151438
749.58232058800638
398.3879552109322
96.143327858863671
-156.48708669326774
-362.27926550083771
800.86362269941765
440.70407604866301
132.44708947741981
-124.78643769603093
-334.75961938663147
482.78444983482387
172.02997635139513
-87.335742520800835
-299.76431043837414
524.02399983470684
213.71315452345308
-45.732141408639954
252.84734543024007
-4.7664089276989143
-107.55199253474274
502.0280436980072
218.46425994215767
-22.841236129409253
536.48932239612191
237.87787510677117
-14.654040490664872
-222.28372760106515
571.85179515106518
262.6592456313092
2.3000990620423809
-211.68063013586394
606.74813844009498
291.19993745125072
26.111105441629245
-191.99943866836111
638.72657699186732
320.70008513532895
53.675314639796355
-166.55899513812653
-358.43313053843252
669.06539185140832
351.73265885181422
85.01250637290309
-135.75138240796124
-328.24865284079823
697.8692367039331
383.73948028243751
119.09858091495339
-100.91758876850163
412.93758445958156
151.95493438115352
391.62124132386674
132.82465393441632
409.19687071777315
142.32855253012409
-78.615568778604057
429.75021014553272
158.11898929081366
-66.846603232034724
-263.72242893787376
452.17848739284949
178.6538352052624
-48.271191056195633
-246.66548077032218
474.35139389741448
201.41094408548634
-25.680447467747385
-224.29369868269202
497.22219680355784
226.75525529787689
0.86689223880988353
520.6370240257512
254.06463430789182
30.425722263483628
88.025095260245166
110.89209220587878
136.10507348978527
-640.54419734218186
-247.01295699198104
352.18896471790754
1251.3982733273924
-934.93606064670303
-656.01787810277222
-212.73042574165356
485.3340856606099
1570.6596516465272
-663.7414366622354
-154.48791532069521
679.50360749929109
-709.15347364609852
-277.55535068239215
404.37283640368219
1466.6984156511614
-1051.8323149885725
-760.73348193189668
-274.79644666265858
526.11638443657944
1830.0030648659565
3988.6218762171166
-1133.4187183111003
-816.42637072001673
-258.67358951067581
708.29997261118945
2369.7523908458488
-1422.0619137725594
-1448.5007136088116
-1473.319925297232
-898.14501989163296
-362.00907001948497
573.30917402598345
2186.1084743268693
-1506.2401516455404
-1026.59480403577
-415.07665265431439
726.4958860034734
2839.3437621306375
375.07536478447952
2992.0475968031333
-1614.8444146607355
1034.562658295124
1895.4486121381112
1339.8475905912485
1504.6977323837559
-1482.9573968598113
-1516.8771096662456
-1561.2882959414767
-4453.3633299846097
-1173.4864995413266
226.16960099602704
-5423.5923088122727
-2277.144378088401
-769.68561826954965
14.586726486381036
449.74786175638434
-1119.9716224141321
-427.81530741971363
-4.2840214836191626
-150.59318694879664
52.352487853226108
120.09372899599111
-1619.1998550345654
-3259.1922943975992
-1883.7713465990553
-1056.0242457770355
-2122.4882938539045
-1374.6392784004736
-871.96916500649706
-524.42139320385581
-981.75255634732423
-687.58481659411405
-528.71499144305733
-295.25918879820131
395.19041022417679
440.57341718429609
58.149771893474501
-43.944813422891897
-458.4470060472155
324.51574898111829
417.32964646382032
-337.24259064783865
64.300859637840105
-373.76072980902143
-290.09531673531092
19.782404120679839
418.19292105601966
-344.66924160852579
-568.57600913946987
-294.35122069465422
-164.91995859285737
112.67405814190219
-440.6733685761962
33.692170804250949
300.84428319288634
257.16901615744825
-32.066345803500553
69.239013581845185
368.35679559316355
-51.079213592694259
-435.9408414881546
390.42074492669849
-332.09114273418805
-66.515794435550433
1463.7997483403356
-95.691534750154801
118.08012577944922
245.01315207186849
-72.060591634010279
-49.695886745035864
-50.123194400007527
-27.821166089929836
269.53275017446805
-695.1182337659103
568.61122382142514
-99.14913305112178
46.799674823095664
-776.12537875884539
734.4386843051534
483.60960294438877
152.92092463153438
339.9230903831297
-679.18975272990394
-54.958580798630948
0.20832961197759087
60.057785965698038
-46.156072696538232
114.93381294573321
-64.207185497189869
155.60570494566625
128.74552467843557
88.025372994326545
291.798886557944
-236.57252958156519
-23.079613013933944
-165.50162933602783
731.07976647954467
-875.60873636850033
-559.8262596787597
497.41210564341799
-581.97894891500437
525.35235029575676
-407.21860254909598
254.06893652145695
557.57262528788112
82.587864615289334
1050.5823207457267
-1175.6310369059513
-80.702235106448796
215.99830651856624
21.546654964868278
-64.828830779971241
73.090888306909619
586.06721373968799
523.45641556115038
26.136591966678623
-190.3053233771756
-5.3766398560010673
-268.68868996258112
-86.93324419775719
217.17963419431246
126.59459206186384
-113.15931349973931
-115.21064862602462
3.6139951465818823
-234.07297571964273
-9.8272469256766986
-178.37825028184358
-128.00471906812515
142.70037577946769
-81.532487674815357
-788.47014946995887
257.64922373628445
-288.40997522978267
-212.9758624049403
-201.96849352590988
331.44826408053598
-109.30331067953213
-212.11920460711801
206.76609188016789
-57.570587263692282
-718.61372573045003
396.21148296050762
366.35699933464582
-320.31879319288186
70.558996259840654
-96.93688914297968
-34.821061027692451
247.79234992074603
47.060541572912591
-146.04893325461538
-233.49672985377839
-153.76182020841654
217.67021088467064
-77.068056162015651
656.52704416215465
1145.1375486486108
153.43099833371539
-26.497834035982926
-19.639984805486495
-265.15971776736075
-2.1448843566074833
37.730492270929467
185.71989237005596
-6.3644730064135793
-638.20956705744538
-364.59571886127856
370.96068082525153
-41.692749280087163
-35.681554641871202
-483.9081196469574
-687.41969103435827
183.88367994622971
-19.40258669785452
-543.84853238750441
-220.18890719928322
-127.24282841056048
-328.45444240205791
-197.68346662580367
-116.18164644494767
612.38429785715198
-1764.6829002255006
1977.5138456485595
338.50180285101203
250.67912095330092
33.438765306752344
-34.624444712971361
-73.547120624583272
-647.69618619608218
-189.96250629719418
32.814618342139951
-39.715105202303498
128.60154640225741
102.05964643309714
169.47480035121532
-95.9608495362707
411.21744497278564
250.11797358551382
-291.62676986514117
33.765701685301231
24.521912445733484
-738.52326663659971
503.01291958046716
-687.37150773233907
-301.33684859414984
38.610501653889671
633.94418885000675
241.77655186537584
303.36063491645535
-377.33009726013768
-222.10376008046316
112.70587242028414
440.90813308899652
14.749696323320812
201.38327393464667
-607.68827198938664
-33.370896776037043
-235.1736303999393
-633.30322555881673
-67.392731267044155
-34.042881957998382
-711.16842648731097
-243.95657816252407
415.23962582302607
118.29913198751116
176.10132803228234
189.98964925833079
-659.70611833462272
265.44548014968024
679.88693306606024
185.18859585830569
199.49966104237586
-396.35909717134831
-291.18638098828836
92.798304660751967
-326.80319237752974
-35.821704777024003
-148.19164741538148
831.36472852256441
50.274440161296845
-205.0443787252448
-144.9985365867623
706.62052697098795
-495.37408509768841
1122.9287429056501
-46.71813793970346
41.704910822771133
-13.204639537091026
-280.83020760523914
-173.24766278242444
-322.94348041390907
1730.4982902029806
-1405.7440509364633
817.41696589185813
42.788188844976943
-196.08636635039716
771.63434754970649
31.797912345811632
-140.87872888523609
407.23849852647652
-207.86274816101354
30.852467103553064
-328.01567244481924
-572.80045814668381
-176.8408836683295
37.400419662133963
-270.01454084104108
312.75065453001116
-475.59235607188964
443.26136316907372
-67.643263786277103
-337.31003890100857
-140.94754908625717
-174.08740679422627
-110.66519189995404
-124.26088129181976
140.16579897506168
21.962515633555405
-74.226830910429342
389.52310211281497
-72.644417156077424
-606.49365114225918
200.192232562236
1609.4370975735467
-505.403853169417
97.566889832073613
-524.3851620912277
450.68880874800936
244.89765286405159
51.799297544850646
-103.70533936250615
394.45045202118797
-334.64259832708461
-898.58158290672657
594.60645694822585
160.48447527532758
180.90500658539503
286.43759951597144
369.21418695039773
107.14800154473875
87.285594093697441
99.768509930983129
-525.22601904665646
374.99232196795396
-193.73936375830635
1189.2193809561422
-410.15793478157894
-411.79280110768087
-874.59219667950936
1129.4953171414672
-986.84311442668786
-598.01774446456011
-319.64116619969178
92.625505884617795
368.16411650201979
-583.57955889761058
-470.58590003376406
-300.21585819098198
438.61603174750394
-584.27908947854939
157.073298299767
1461.2783621787712
-1979.4714562652966
224.77608615895173
95.024334867868674
331.02771492566671
-3.5693183189394531
-1125.1270708235124
-915.08178147882552
-348.29235727387885
635.96600787840407
829.95666505924805
520.46992356035662
-175.70486380328705
490.17030446175602
901.21118296950215
-67.160401278081622
587.4006120974999
-428.33616971624178
-454.84270067248815
318.54855926907408
-702.58969014100774
409.47797335371018
-210.54800841768659
-426.65931564626419
-564.11887304202673
252.13136552242463
-520.76347216690783
796.69302363897054
44.538123388891364
381.07779352589779
-283.18300136318578
134.66500827939007
278.11799212390753
23.419621792414226
199.14356771334386
-129.02928210957836
-28.759981382959573
-560.16497527831871
95.721610594691569
-201.94551709767111
645.90787644637646
624.52631549496664
360.5599807726137
-69.384762182495081
-274.30073683299861
527.02832884164457
-93.543587705774002
-58.899019963850279
-417.03021461283828
-716.8546386126585
29.345840175813947
-232.93132326616342
97.301244925916237
449.84472272570792
129.97395982945108
305.02270739362797
-279.47378890133353
168.25968883984623
-263.80410931316311
-123.53596054685958
126.35240359894931
58.785378303719796
47.308068887768279
99.300779249208048
-47.740312215277584
69.674032056979343
-24.688972825698674
-166.96070542607453
-27.085994227008861
121.14242882372766
-45.362783412442042
8.6107415931442244
139.3496517810743
-203.27449950145976
256.70138890637435
-234.77403791643064
-21.265152158940506
-117.74250945398812
111.68601163874052
-101.565855173662
-466.45166167365949
230.92596762809347
50.059842874912526
41.157952230160575
110.48787085462398
-34.638658721446063
79.421152486182748
93.830000874214861
-93.569412257838763
-7.6794318313961272
-83.226533412222338
-165.44332008999046
359.05634868772398
-183.85406281853435
-5.011318969022958
112.6484078785479
-462.30942439340265
218.17406143018175
96.198458524731919
38.854956937660454
28.939844579505017
-114.24371485553038
-167.00452787442953
95.310951816952183
51.424145543373335
0.5935637505792889
65.426573961838059
3.7982112466122819
117.16587334292741
19.406659850494908
386.27667143342455
-325.0559305696375
563.88307975868247
307.23887488949606
-44.074351953094144
-152.39331216375615
212.12788485474172
-163.13847248350714
46.859542200309114
-229.69674445874995
-502.21134492299342
-133.68424621024676
677.90667268576431
-67.555167038173636
-687.99372642324715
254.2871680194385
-158.72907367556624
144.02940544698183
631.71256461701375
-256.34752616182084
-147.68520608219464
230.89134678224957
-24.6608481633948
102.57196636592239
-88.550739223119336
73.639026711057937
-26.721282739105558
-63.748408481593707
-67.211990942356977
-110.43305340106977
-19.231604797796177
116.85149725586075
-79.558958940117606
-227.2571872093462
-91.555978315847142
111.33410225036329
-84.399196099368183
17.060436917002228
-108.06673068312594
168.38626136525653
302.4909944167315
-221.71372106416209
375.54529096140897
-478.79654065499011
-166.19473840786691
172.45887169843783
277.08722888940559
137.11864760350295
-304.62447109215015
88.382293691360431
-84.491882750350484
506.61286521876809
-621.5718939661507
31.629066944909145
-150.2802758329191
-701.65713477822624
130.47231108834805
2.7959387469956201
503.65366298298073
120.84653453954928
-633.05105763486824
-178.32659267324189
-66.502267149542092
125.09802661568834
-63.389751369967627
-75.461370487194699
260.48407709747607
-42.56042494845952
809.06223760893988
-131.72902026082619
-329.09358630813256
161.34468962978784
194.67471387772346
45.684507933759036
-188.11884327337398
35.026946561213173
266.34843441367121
-22.013387240371504
-108.11147611161854
-165.06432337313143
21.549885333804816
-97.310674705873595
642.52101870958347
-182.9018257777106
63.213750748101894
245.04198054218742
-572.17994188707132
-230.13814648108399
228.12305670314242
-284.04290686909786
-211.42709410235585
194.3357779039996
-203.08670295417505
-355.92664802369131
399.94601835164428
314.17423172783748
341.24328687993778
-30.633329579047558
-106.7333947464695
-286.35190225508654
96.887466427168079
55.075712477256019
122.95704149550392
-359.22488842701637
-293.6754358933602
29.458643156459956
-179.30016352082365
205.72490393115979
90.352152884995107
-123.09321039372807
67.131664248768487
365.25873822028171
-583.14755099685931
96.565775649790993
11.524655835683602
128.90656877957136
391.53692142454946
-8.9111314775812556
-245.78783342577083
110.61483450911629
243.4424859314706
-283.54548541864227
178.21444223115844
-66.189593413549304
-208.60777863774192
-748.23269362429221
9.8885717154201771
36.638073369247003
-473.3427985680662
1382.9410407808955
-194.97878861585156
509.66100630465945
215.20712841982709
-392.09256685405228
49.491411605915339
-45.563462526589191
106.91249688841792
199.23204570490381
6.8932752567799866
95.017790826556649
1688.4566637702831
-1068.1756454861898
-750.48183562198324
-250.51946191875766
-858.55664045875221
184.36010849266833
-72.902395090917992
-32.335955882427037
422.16695220825136
-85.037924806051294
-484.03120651401235
-25.659895143220396
157.97105800825858
-71.660456811305266
-24.374328299789752
87.52707844453694
121.76059999647819
-147.87079481701366
42.673737023948888
-206.90101225805793
-106.84348438386492
-37.855217425034404
160.16497646993489
-103.38863377132004
-27.816868875764463
289.35832892926823
399.3836179141822
125.61465984246661
49.220636092941689
-7.2261370375005907
-112.75600004667601
104.31011454559705
7.2163757192881848
32.429220518258944
276.61963037762507
-118.73633875663
-775.04713164834982
614.15052504278628
206.62033969810489
-1094.4914624134904
-156.72092168435333
146.6706165372205
-47.181406938808195
1.1400369596228399
-806.17005481214881
144.82401210107179
-109.89004216126064
86.30190037775958
-254.28801861427257
1893.0438105205574
-516.11599243379976
104.79736391491369
282.66799086754702
366.94220925957552
129.59047370170782
98.947348050872122
-60.356734798325853
221.40963420773343
464.10360592609032
-467.64627441257676
68.004726686956687
-34.832357010187017
108.86015051682944
-182.26473155063604
17.353616988090632
-117.53369171305096
-71.149946193627628
-60.736267692767747
189.2559562720956
-541.43700151810629
223.26415576979753
206.75198026285935
111.55054331546626
29.88090034974261
-40.327018966755695
-90.496907455948175
-225.92804327896496
-189.07248999219095
-35.37132998707991
-82.705976586014359
-103.71044102462483
74.535234897761043
60.568906377256766
-71.431674032109555
-2.4944628803682116
178.5429277561295
42.42928865989181
38.458864786326764
-177.94560400206373
-240.46934328725112
154.18597284484616
236.61983426485287
-189.48306577900237
-386.7711141024505
-488.81140669603423
-71.503709298072764
3.5305749698803335
144.83933836909105
269.25432011075361
48.276869805929344
58.81086951967621
436.78624627587112
36.843439072413979
-287.45796064482516
143.1260843359243
283.87497851851202
-85.084429995373839
-109.55027551511387
206.10515857181616
-976.43179644477789
397.35713652101259
213.62664134333451
188.36103577821862
163.13831893883284
32.428276133423545
134.26340642437262
-43.215607097603765
-264.44084176222458
-171.53545788315432
84.144875399280821
-89.583001868983928
65.608923002230057
-95.677698842064316
192.35551741174288
306.13436935823512
414.50490540563959
-34.101768259927425
-273.60363259043703
425.34983072747565
-736.30179991018235
-34.572219299002796
-451.89133628287163
-558.83786097868608
847.116963010934
-30.526725577744177
-227.41981511781825
85.990106343464817
-247.43774965467574
-33.057079613587383
219.18857470616163
-83.667116869509186
-65.121726867052942
-434.96925341901539
203.45289915745775
88.988326228713717
87.012857525170716
-80.999517343590426
53.864519552248588
-124.00806959739251
320.43184006892477
-61.288745078369871
-71.829551889908814
417.62159895129361
299.19486904984552
-503.23763607020055
7.4332874591285014
129.57343789821118
196.21666302581852
38.911537129829568
62.759733330585689
-89.833439918815031
-502.55374948226023
-222.48016081489843
226.17490382123214
256.38845376238123
285.26484265173212
127.1069335591183
107.57537822003744
140.06325708542107
-206.83088317978218
-66.600039482619806
-524.39267709663659
-88.295102576645093
69.689655198545751
244.3184299952392
-188.11540346879841
5.4934492261320829
15.969651278945266
81.326024812324349
165.00566380738354
248.36191733470127
-75.149709404438752
27.281479075732907
-107.11181515041646
-12.773105605244663
57.352835667494737
-39.745405936821051
-305.36569184572335
418.76134456784604
-458.78378517100992
-91.333124288736173
-281.34576066032997
77.514484358835787
132.06119760087185
428.19464279386955
53.43524882280024
-141.15090200323064
309.96742801815958
-46.123755930682371
39.447681458502529
-34.617266594945669
-121.41151479582325
-303.78957665781667
-118.76006040040065
-134.58809998442092
-46.955117149315704
-153.09509417720972
-151.76025160093045
-544.2183420549112
-288.52350901240334
249.58127273266328
85.251318656378359
-287.51813977398166
818.74548883706143
252.11880136243479
-579.0808591655823
-224.27359655161754
231.3083937721745
468.64878692622705
208.25798685587682
74.969700018071649
235.4145110477007
258.44349673898705
337.79580337385221
-187.89592900468614
-285.56208958308832
432.83501036888009
-230.77486720311742
414.49720342840772
129.54160804993407
212.52751107778914
321.69884539543284
-189.68698871078195
161.89370183239149
-48.977562764026821
-86.068877014570049
-448.66800371110708
137.01116252841629
79.990351724504379
-769.31489070695977
-484.05167990784872
27.696340960442189
29.979991323368822
268.93371195869821
-187.34356749854854
459.75766990994487
-741.21922972999755
473.48796433494527
190.82908029636403
-41.598934495203224
295.73371919625879
-739.8000858789585
22.21237606834087
-54.332514358618901
176.68190733243057
-64.900799178388567
-203.14965357682624
-399.34672320493547
-37.049811689563583
-399.09356005113534
-398.69889737119405
1160.6975622622808
445.97421850078206
401.80124069724843
128.29851351322813
-619.38097624571822
380.00128077193483
-117.59948965819113
47.68074636695831
127.83514088017697
-28.847050443348749
96.812202981408063
205.89450929442955
-230.82736996571518
-141.01659999191264
229.91943371271771
-87.45210637568978
311.62872046991509
123.17588587998304
-800.14204586807818
-103.0447370491171
-218.78926064631048
-690.56527219960515
554.29206364897266
967.15729076619141
64.991798507955266
-157.27680604374873
-257.16448188915376
153.54813721280897
-340.50483272070198
314.82375601868341
63.439041441366768
-199.8374213318352
157.10897261114764
-85.400366119049352
374.18703160721486
-336.21571066625921
-288.19656705684253
611.86415724499693
-529.74731691487057
-813.7464371346432
290.96543847763996
-202.63517536543074
134.3989327768937
335.98206310879658
-74.226038033687118
-61.784687829041054
-138.13864593593212
342.51109670483277
389.91658867711692
0.87163139315067417
130.50382230858054
214.42223146574102
295.01743219058727
-360.68184662122184
87.478137673261486
27.360382062509707
59.278779231932859
-176.62024878089753
-91.134483604461877
-34.565756153617059
618.93893638163229
-30.482244798167475
-417.26946064268986
-547.96858731081556
210.30532557156727
-158.64826560791872
196.26780431073379
-200.49819513110225
321.43977320805965
44.280500284779606
5.5099795113171268
-101.79634327100857
44.078482585692619
-263.58570870112442
-50.989138053064366
-559.52373049410267
265.2571720498446
577.39728437034546
-333.77755821317561
104.61433022496861
-181.56987082989062
281.87718522707547
154.62547263671439
-177.86276930790862
332.63662953969487
136.61617164414136
-253.96410324059633
-679.32885842073597
-370.51429035171094
50.503334441817231
116.31321917349624
26.586640865397641
64.09767600265134
-458.54101854894316
-227.28396099280627
-510.7220135875383
120.5396961976375
29.138988797007968
-290.58488929103959
138.29258166087857
380.70181533390178
44.933335536312107
-157.40084513623694
-77.403535491625448
169.55874682024884
81.098729248146967
26.872089869713555
-214.71285016768181
-197.33961998174149
-312.86818368650717
517.2722294571289
-233.57110824226905
98.120991700320459
130.32746670377486
897.1957965846525
506.48259124473935
-233.76140552375983
-266.21065590877311
25.70381584533358
-189.1052157512903
482.0663202060835
887.04384372485595
-181.0308109892861
163.78504320642298
325.33312924647976
-600.07487184142838
-591.77501471950745
-245.80338965711337
-71.094172530780696
345.46460183180307
-863.65896012961309
544.71797589314986
232.77268254896552
-174.71189608291465
448.14709086239901
220.75457893854005
11.159108963098246
358.94835032144425
36.174977132847111
-668.88447438588094
325.06844853468857
-107.37164096083059
157.84186440029632
64.607384374448344
508.60653693193348
-74.396493847095002
-332.35641897500807
-97.693184883411291
-423.3329253241601
850.98243420874212
196.12752214435557
152.2984799640478
131.6765698873227
288.54023720685268
-100.01479810577224
-262.02980002207846
313.30563501724754
-129.83336323285121
-460.9765343615216
-48.83135663484822
-293.63125656620423
-77.99157877698147
70.092966147889655
64.816622538487238
-108.19672863404315
64.768744152141807
241.31410500883473
-797.6481383875464
69.542653967156824
52.58263802494487
370.85929234854143
-63.088093261461793
-234.64467849347429
-182.46145454225947
102.07958778584495
112.31232256704106
-3.9249495955211073
24.544308060558389
-392.10308265562134
851.20528374300784
-1094.953361419856
350.32786910329156
166.90720878634713
-101.46320619680688
-35.123852591809772
387.18014144349178
-606.46734178338488
-94.373747318807375
79.351733969528794
-17.922348049258236
34.069699256569962
-283.6842718912157
-164.89677120595405
241.42693486861148
923.82778659814971
-469.04448891653436
-114.22765232677727
-135.07315031836393
293.00952449993497
86.378135370246795
11.283503934314217
-371681752.9551838
