278
0 1 14
0 1 15
0 1 16
0 1 17
0 2 13
0 2 14
0 2 15
0 2 16
0 2 17
0 7 2
0 7 3
0 7 4
0 8 2
0 8 3
0 8 4
0 9 2
0 9 3
0 9 4
0 10 2
0 10 3
0 24 0
0 25 0
1 1 15
1 1 16
1 2 3
1 2 4
1 2 13
1 2 14
1 2 15
1 2 16
1 2 17
1 2 18
1 3 14
1 3 15
1 3 16
1 3 17
1 7 3
1 7 4
1 7 14
1 7 15
1 7 16
1 8 0
1 8 1
1 8 2
1 8 3
1 8 4
1 8 13
1 9 0
1 9 1
1 9 2
1 9 3
1 9 4
1 10 0
1 10 2
1 10 3
1 10 4
1 11 3
1 11 4
1 23 1
1 24 1
1 24 2
1 25 1
1 25 2
1 26 1
1 27 0
1 27 1
1 28 0
1 28 1
1 29 0
1 29 1
1 30 0
1 30 1
2 2 2
2 2 3
2 2 4
2 3 2
2 3 3
2 3 4
2 7 0
2 7 1
2 7 14
2 7 15
2 7 16
2 7 17
2 8 0
2 8 1
2 8 2
2 8 13
2 8 14
2 8 15
2 8 16
2 8 17
2 8 18
2 9 0
2 9 1
2 9 2
2 9 13
2 9 14
2 9 15
2 9 16
2 9 17
2 10 0
2 10 1
2 10 2
2 10 13
2 10 14
2 10 15
2 11 1
2 22 3
2 23 3
2 23 4
2 24 2
2 24 3
2 24 4
2 25 2
2 25 3
2 25 4
2 26 2
2 26 3
2 26 4
2 27 2
2 27 3
2 28 2
2 28 3
2 29 2
2 29 3
2 30 3
3 8 0
3 8 1
3 8 2
3 9 1
3 9 2
3 9 16
3 9 17
3 10 1
3 10 15
3 10 16
3 10 17
3 11 15
3 11 16
3 26 4
3 27 3
3 27 4
3 28 3
3 28 4
3 29 3
3 29 4
3 30 3
3 30 4
7 8 2
7 8 3
7 8 4
7 9 2
7 9 3
7 9 4
7 10 3
7 22 15
7 23 14
7 23 15
7 24 13
7 24 14
7 24 15
7 24 16
7 25 13
7 25 14
7 25 15
7 25 16
7 26 13
7 26 14
7 26 15
7 27 14
7 27 15
8 8 2
8 8 3
8 8 4
8 9 2
8 9 3
8 9 4
8 10 2
8 10 3
8 10 4
8 11 3
8 22 15
8 23 14
8 23 15
8 23 16
8 23 17
8 24 14
8 24 15
8 24 16
8 24 17
8 25 13
8 25 14
8 25 15
8 25 16
8 25 17
8 26 13
8 26 14
8 26 15
8 26 16
8 26 17
8 27 13
8 27 14
8 27 15
8 27 16
8 27 17
8 28 13
8 28 14
8 28 15
8 28 16
8 29 14
8 29 15
8 29 16
9 9 2
9 9 3
9 9 4
9 10 2
9 10 3
9 10 4
9 23 15
9 23 16
9 24 14
9 24 15
9 24 16
9 24 17
9 25 14
9 25 15
9 25 16
9 25 17
9 26 14
9 26 15
9 26 16
9 26 17
9 26 18
9 27 14
9 27 15
9 27 16
9 27 17
9 28 13
9 28 14
9 28 15
9 28 16
9 28 17
9 29 14
9 29 15
9 29 16
9 29 17
9 30 14
9 30 15
9 30 16
10 10 3
10 24 16
10 25 15
10 25 16
10 25 17
10 26 14
10 26 15
10 26 16
10 26 17
10 27 14
10 27 15
10 27 16
10 27 17
10 27 18
10 28 14
10 28 15
10 28 16
10 28 17
10 29 14
10 29 15
10 29 16
10 29 17
10 30 15
10 30 16
11 26 16
11 27 16
11 28 16
11 29 16
