242
0 1 7
0 1 8
0 1 9
0 1 10
0 2 6
0 2 7
0 2 8
0 2 9
0 2 10
0 3 7
0 3 8
0 7 1
0 7 2
0 8 1
0 8 2
0 9 1
0 9 2
0 10 1
0 10 2
0 11 2
0 23 0
0 24 0
0 28 1
0 29 1
0 30 1
1 1 7
1 1 8
1 1 9
1 2 1
1 2 2
1 2 6
1 2 7
1 2 8
1 2 9
1 2 10
1 2 11
1 3 7
1 3 8
1 3 9
1 3 10
1 7 0
1 7 1
1 7 2
1 7 8
1 8 0
1 8 1
1 8 2
1 8 7
1 8 8
1 8 9
1 9 0
1 9 1
1 9 2
1 9 6
1 9 7
1 9 8
1 10 0
1 10 1
1 10 2
1 10 7
1 11 1
1 11 2
1 23 1
1 24 1
1 25 1
1 26 1
1 27 1
1 27 2
1 28 1
1 28 2
1 29 1
1 30 1
2 2 1
2 2 2
2 3 1
2 3 2
2 7 0
2 7 1
2 7 7
2 7 8
2 7 9
2 7 10
2 8 0
2 8 1
2 8 6
2 8 7
2 8 8
2 8 9
2 8 10
2 8 11
2 9 0
2 9 1
2 9 6
2 9 7
2 9 8
2 9 9
2 9 10
2 10 0
2 10 1
2 10 6
2 10 7
2 10 8
2 10 9
2 10 10
2 11 1
2 11 7
2 22 1
2 23 2
2 24 2
2 25 2
2 26 2
2 27 2
2 28 2
2 29 2
2 30 2
3 8 0
3 8 1
3 8 8
3 8 9
3 8 10
3 9 1
3 9 8
3 9 9
3 9 10
3 10 1
3 10 8
3 10 9
3 24 2
3 25 2
3 26 2
3 27 2
3 28 2
3 29 2
7 9 2
7 10 2
7 24 7
7 25 6
7 25 7
7 25 8
7 26 6
7 26 7
7 26 8
7 27 6
7 27 7
7 27 8
7 28 7
7 28 8
7 29 7
7 30 7
8 8 2
8 9 2
8 10 2
8 11 2
8 22 7
8 22 8
8 23 7
8 23 8
8 24 6
8 24 7
8 24 8
8 24 9
8 25 6
8 25 7
8 25 8
8 25 9
8 26 6
8 26 7
8 26 8
8 26 9
8 26 10
8 27 6
8 27 7
8 27 8
8 27 9
8 27 10
8 28 7
8 28 8
8 28 9
8 28 10
8 29 7
8 29 8
8 29 9
8 30 8
8 30 9
9 9 2
9 23 7
9 23 8
9 23 9
9 24 7
9 24 8
9 24 9
9 24 10
9 25 7
9 25 8
9 25 9
9 25 10
9 26 7
9 26 8
9 26 9
9 26 10
9 27 7
9 27 8
9 27 9
9 27 10
9 27 11
9 28 7
9 28 8
9 28 9
9 28 10
9 28 11
9 29 7
9 29 8
9 29 9
9 29 10
9 30 8
9 30 9
10 23 8
10 23 9
10 24 8
10 24 9
10 24 10
10 25 8
10 25 9
10 25 10
10 25 11
10 26 8
10 26 9
10 26 10
10 26 11
10 27 8
10 27 9
10 27 10
10 27 11
10 28 8
10 28 9
10 28 10
10 29 8
10 29 9
10 29 10
11 27 10
11 28 10
11 29 10
