74
0 2 14
0 2 15
0 2 16
0 2 17
0 3 13
0 3 14
0 3 15
0 3 16
0 3 17
0 4 14
0 4 15
0 4 16
1 2 14
1 2 15
1 2 16
1 2 17
1 3 13
1 3 14
1 3 15
1 3 16
1 3 17
1 3 18
1 4 13
1 4 14
1 4 15
1 4 16
1 4 17
2 2 3
2 3 3
2 3 4
2 3 14
2 3 15
2 3 16
2 3 17
2 4 4
2 4 14
2 4 15
2 4 16
2 4 17
2 13 15
2 13 16
2 14 14
2 14 15
2 14 16
2 15 15
2 15 16
3 3 3
3 3 4
3 4 4
3 13 15
3 13 16
3 13 17
3 14 14
3 14 15
3 14 16
3 14 17
3 14 18
3 15 15
3 15 16
3 15 17
3 16 16
3 16 17
3 17 17
4 4 4
4 14 15
4 14 16
4 14 17
4 15 15
4 15 16
4 15 17
4 15 18
4 16 16
4 16 17
4 17 17
