333
0 1 2 16 15 4
0 1 7 15 3 14
0 1 7 16 3 14
0 1 7 16 4 16
0 1 8 14 3 14
0 1 8 15 3 15
0 1 8 15 4 15
0 1 8 16 3 13
0 1 8 16 4 1
0 1 9 17 3 1
0 1 24 14 1 3
0 2 7 15 2 1
0 2 8 14 4 16
0 2 8 16 3 2
0 2 9 14 3 2
0 2 9 14 3 16
0 2 9 15 4 14
0 2 9 16 3 1
0 2 9 16 3 16
0 2 9 17 4 17
0 2 10 14 3 16
0 2 10 15 2 1
0 2 10 15 2 14
0 2 10 15 3 2
0 2 25 14 1 3
0 2 26 13 1 3
0 2 26 14 1 2
0 2 26 16 0 2
0 2 27 14 0 2
0 2 28 14 0 3
0 2 28 14 1 4
0 2 28 15 1 3
0 2 28 15 1 4
0 2 28 17 0 3
0 2 28 17 1 3
0 7 8 4 3 3
0 7 10 3 3 3
0 7 25 3 1 15
0 8 8 2 2 3
0 8 8 2 4 3
0 8 9 4 3 4
0 8 10 3 3 3
0 8 10 3 3 4
0 8 23 3 1 14
0 8 24 2 1 14
0 8 24 2 1 15
0 8 24 3 0 14
0 8 25 2 0 16
0 8 25 3 1 16
0 8 25 4 0 14
0 8 26 4 0 15
0 8 27 3 0 14
0 8 27 4 0 14
0 8 27 4 1 15
0 8 27 4 1 16
0 9 9 2 4 3
0 9 25 2 0 15
0 9 25 3 1 14
0 9 27 3 0 14
0 9 27 4 1 15
1 1 24 15 1 3
1 2 2 13 16 2
1 2 2 14 14 3
1 2 2 15 17 3
1 2 3 16 15 4
1 2 3 16 16 3
1 2 7 3 16 1
1 2 7 15 4 17
1 2 7 16 4 1
1 2 7 16 4 15
1 2 7 17 4 16
1 2 8 3 15 2
1 2 8 4 14 1
1 2 8 14 4 1
1 2 8 17 4 17
1 2 9 14 3 2
1 2 9 14 4 0
1 2 9 14 4 1
1 2 9 16 4 0
1 2 9 16 4 14
1 2 9 16 4 15
1 2 9 17 4 14
1 2 10 15 4 17
1 2 10 16 3 14
1 2 11 15 4 1
1 2 23 15 1 4
1 2 24 15 1 3
1 2 25 14 1 3
1 2 25 17 2 3
1 2 26 17 1 2
1 2 27 3 2 3
1 2 27 13 1 3
1 2 27 17 2 3
1 2 29 15 1 4
1 2 29 15 2 3
1 3 8 14 3 0
1 3 8 16 4 2
1 3 9 14 3 16
1 3 9 15 3 17
1 3 9 17 3 1
1 3 10 14 3 16
1 3 10 15 3 1
1 3 10 15 3 15
1 3 27 15 2 4
1 3 29 14 1 3
1 3 29 17 1 4
1 7 9 15 0 3
1 7 23 15 3 15
1 7 27 4 1 15
1 8 8 1 14 3
1 8 9 4 3 2
1 8 9 14 0 3
1 8 10 3 3 2
1 8 10 3 4 3
1 8 10 4 4 4
1 8 23 14 3 15
1 8 24 3 2 15
1 8 24 15 2 15
1 8 28 3 1 16
1 8 29 3 1 14
1 9 9 3 4 3
1 9 10 3 3 4
1 9 25 0 3 15
1 9 26 1 3 14
1 9 26 1 3 15
1 9 26 3 1 18
1 9 27 4 2 17
1 9 28 3 0 16
1 9 28 4 1 14
1 9 28 4 2 15
1 9 30 3 1 14
1 10 10 3 3 3
1 10 25 4 2 17
1 10 26 3 2 17
1 10 27 4 2 17
1 10 28 3 2 16
1 11 26 4 1 16
1 11 29 3 1 16
2 2 7 3 0 16
2 2 7 4 1 16
2 2 8 3 2 17
2 2 10 3 1 13
2 2 10 4 2 15
2 2 25 3 4 4
2 2 25 4 4 4
2 2 27 2 2 3
2 3 8 3 17 1
2 3 8 4 15 2
2 3 9 3 16 1
2 3 9 4 15 2
2 3 10 4 1 15
2 3 29 3 3 3
2 3 29 4 3 4
2 7 8 1 16 3
2 7 8 15 1 3
2 7 9 0 15 3
2 7 9 1 14 4
2 7 9 1 16 3
2 7 9 1 17 3
2 7 9 15 1 3
2 7 10 16 1 3
2 7 23 0 3 15
2 7 23 15 3 15
2 7 24 15 3 16
2 7 24 16 3 16
2 7 24 17 3 15
2 7 25 0 3 15
2 7 25 1 4 14
2 7 25 15 3 14
2 7 25 16 4 15
2 7 26 0 2 14
2 7 26 17 3 15
2 7 27 15 3 15
2 8 8 0 15 2
2 8 8 0 17 3
2 8 8 1 16 4
2 8 8 1 17 3
2 8 8 1 17 4
2 8 8 2 15 4
2 8 9 0 16 2
2 8 9 15 0 4
2 8 10 0 15 3
2 8 10 1 15 2
2 8 10 14 0 2
2 8 10 15 2 3
2 8 23 0 3 15
2 8 23 1 4 16
2 8 23 15 4 15
2 8 23 16 3 14
2 8 23 16 4 16
2 8 24 0 3 14
2 8 24 14 3 15
2 8 24 15 4 17
2 8 24 16 4 14
2 8 25 14 2 14
2 8 25 14 4 16
2 8 26 2 4 14
2 8 26 14 2 16
2 8 26 15 3 17
2 8 26 16 2 13
2 8 26 16 4 15
2 8 26 17 4 17
2 8 27 0 3 13
2 8 27 0 3 16
2 8 27 2 4 14
2 8 27 13 2 15
2 8 27 14 2 14
2 8 27 15 2 15
2 8 27 16 3 17
2 8 27 16 4 15
2 8 27 16 4 17
2 8 27 17 3 16
2 8 27 17 4 16
2 8 28 2 3 16
2 8 28 2 4 16
2 8 28 15 2 14
2 8 28 16 3 14
2 8 29 0 3 15
2 8 29 14 3 16
2 8 29 15 3 14
2 9 9 2 17 4
2 9 10 0 16 3
2 9 10 1 16 3
2 9 10 2 15 4
2 9 10 2 16 3
2 9 10 16 0 3
2 9 10 16 1 4
2 9 23 1 3 16
2 9 23 15 4 16
2 9 24 15 4 15
2 9 24 16 3 16
2 9 24 16 4 15
2 9 24 17 3 15
2 9 25 0 4 14
2 9 25 14 4 17
2 9 26 0 4 16
2 9 26 14 3 14
2 9 26 15 3 17
2 9 27 13 3 16
2 9 27 16 4 16
2 9 27 17 4 16
2 9 28 13 3 16
2 9 28 14 3 17
2 9 28 16 3 14
2 9 29 0 2 15
2 9 29 0 3 16
2 9 29 1 2 15
2 9 29 14 2 15
2 9 29 16 3 16
2 9 29 17 3 16
2 9 29 17 4 16
2 9 30 15 3 14
2 10 24 15 4 16
2 10 25 2 4 17
2 10 25 15 3 17
2 10 25 15 4 15
2 10 26 0 3 17
2 10 26 16 4 15
2 10 26 16 4 17
2 10 27 13 3 16
2 10 27 15 3 14
2 10 27 16 3 14
2 10 27 16 3 17
2 10 27 16 4 17
2 10 28 17 4 16
2 10 29 1 3 14
2 10 29 14 3 15
2 10 29 16 3 17
2 10 30 1 3 15
2 10 30 16 3 15
2 11 27 1 3 16
2 11 27 1 4 16
3 8 10 0 15 2
3 8 26 1 4 14
3 8 27 1 3 16
3 8 28 1 4 14
3 9 9 1 16 3
3 9 9 2 16 3
3 9 10 2 17 3
3 9 26 16 4 15
3 9 27 1 4 17
3 9 28 17 4 16
3 9 29 1 3 16
3 9 29 1 4 16
3 10 26 16 4 17
3 10 27 15 4 15
3 10 27 15 4 16
3 10 27 15 4 17
3 10 27 16 3 16
3 10 27 16 4 17
3 10 28 17 4 16
3 10 29 16 3 14
3 10 30 16 3 16
7 8 25 3 14 16
7 8 25 4 14 15
7 9 26 2 14 14
7 9 26 4 15 14
7 10 25 3 14 16
8 8 23 3 16 16
8 8 24 4 16 17
8 8 26 3 15 15
8 8 27 4 15 15
8 9 24 3 14 17
8 9 24 3 17 16
8 9 25 2 14 16
8 9 25 3 14 17
8 9 26 3 14 16
8 9 26 3 14 17
8 9 26 3 16 14
8 9 27 3 16 14
8 9 29 3 15 15
8 10 25 4 16 16
8 10 26 3 14 17
8 10 26 4 17 16
8 10 27 2 14 16
8 10 27 3 16 15
8 10 27 4 16 15
8 10 27 4 16 16
8 10 28 3 16 14
8 10 28 4 15 16
8 10 29 4 16 15
8 11 29 3 16 16
9 9 26 2 14 16
9 9 27 2 14 16
9 9 27 4 15 15
9 9 28 3 14 15
9 9 28 3 14 17
9 9 28 4 14 16
9 9 29 4 15 15
9 10 27 4 15 17
9 10 27 4 17 17
9 10 28 3 15 17
9 10 29 2 16 14
