172
0 1 2 9 7 2
0 1 8 9 2 7
0 1 27 9 0 1
0 2 8 9 2 10
0 2 9 7 1 7
0 2 9 7 1 8
0 2 9 7 2 9
0 2 9 9 2 10
0 2 24 6 0 2
0 2 24 8 0 2
0 2 24 10 0 1
0 2 25 7 0 2
0 2 28 8 0 1
0 7 25 1 0 8
0 7 27 1 0 8
0 8 28 2 0 7
0 8 30 1 0 8
0 11 27 2 0 10
1 1 2 7 1 9
1 1 2 9 2 9
1 2 2 7 10 2
1 2 2 8 10 2
1 2 3 9 8 2
1 2 7 9 2 8
1 2 8 1 8 1
1 2 8 2 0 7
1 2 8 2 0 8
1 2 8 8 2 1
1 2 8 9 2 7
1 2 8 9 2 8
1 2 9 1 7 1
1 2 9 9 2 6
1 2 9 10 2 7
1 2 9 11 2 7
1 2 10 9 1 1
1 2 26 1 1 2
1 2 26 9 1 2
1 2 27 10 1 1
1 2 27 11 0 1
1 2 28 2 1 2
1 2 28 2 2 2
1 2 29 8 1 1
1 2 29 10 1 1
1 2 30 7 1 2
1 3 9 9 2 9
1 3 10 7 1 1
1 3 10 8 1 1
1 7 8 2 2 1
1 7 9 2 1 1
1 7 24 1 0 7
1 7 25 2 0 6
1 7 25 2 0 8
1 7 26 0 1 7
1 7 28 1 1 8
1 8 9 0 7 2
1 8 23 2 0 8
1 8 23 2 1 8
1 8 24 2 0 8
1 8 24 2 0 9
1 8 25 8 1 8
1 8 27 1 1 7
1 8 27 2 1 10
1 8 28 9 1 7
1 9 9 2 2 2
1 9 26 1 1 7
1 9 26 8 1 8
1 9 27 0 1 8
1 9 27 2 1 7
1 9 27 2 1 11
1 9 27 7 1 8
1 9 28 8 1 8
1 10 26 0 1 8
2 2 7 1 0 8
2 2 8 2 1 8
2 2 9 1 0 6
2 2 9 1 1 9
2 2 9 2 1 8
2 2 27 1 1 1
2 2 30 2 2 2
2 3 8 1 0 9
2 3 8 1 8 1
2 3 8 2 1 10
2 3 8 2 8 1
2 3 8 2 9 1
2 3 9 1 0 9
2 3 9 1 1 10
2 3 24 2 1 2
2 7 8 7 0 1
2 7 8 8 0 1
2 7 9 0 7 1
2 7 9 0 7 2
2 7 9 8 0 1
2 7 26 8 1 6
2 7 27 0 1 7
2 8 9 6 0 2
2 8 10 9 0 2
2 8 24 7 1 9
2 8 24 9 1 6
2 8 24 9 1 8
2 8 25 0 1 9
2 8 25 9 2 9
2 8 25 10 1 7
2 8 26 0 2 6
2 8 26 7 2 7
2 8 26 9 2 9
2 8 26 10 1 7
2 8 26 10 2 9
2 8 27 0 2 9
2 8 27 1 1 7
2 8 27 7 2 9
2 8 28 7 1 7
2 8 28 10 2 8
2 9 9 0 8 2
2 9 23 0 1 8
2 9 23 1 2 7
2 9 25 6 1 8
2 9 25 9 1 8
2 9 25 9 2 10
2 9 27 0 1 7
2 9 27 8 2 10
2 9 28 0 1 11
2 9 28 7 2 8
2 9 30 7 2 8
2 10 24 0 1 9
2 10 24 0 1 10
2 10 26 8 2 8
2 10 27 8 1 8
2 10 28 6 1 9
2 10 28 8 1 8
2 10 29 9 2 9
3 8 9 0 9 2
3 8 10 0 9 2
3 8 26 8 2 9
3 8 28 1 2 9
3 9 10 1 8 2
3 9 24 1 2 8
3 9 25 8 2 8
3 9 26 8 2 8
3 9 27 1 2 7
3 9 27 1 2 9
7 9 24 1 7 8
7 9 25 1 6 8
7 9 25 1 7 7
8 8 24 1 7 9
8 8 24 2 8 8
8 8 26 1 7 9
8 8 27 2 7 8
8 8 28 2 7 9
8 8 29 1 7 8
8 9 24 2 9 8
8 9 26 2 7 10
8 9 27 1 6 8
8 9 27 1 6 9
8 9 27 2 8 7
8 9 27 2 8 10
8 9 28 1 9 8
8 9 29 1 8 9
8 9 29 2 7 9
8 9 29 2 8 10
8 10 25 2 6 10
8 10 25 2 7 8
8 10 26 2 8 10
8 10 26 2 9 9
8 10 27 2 8 8
8 10 27 2 8 9
8 10 27 2 8 10
9 9 24 2 9 9
9 9 25 2 7 10
9 9 27 2 8 11
9 10 26 2 9 9
9 10 28 2 9 10
10 10 27 2 8 9
