454
0 0 1 24 7 15
0 0 1 25 8 16
0 0 1 26 8 14
0 0 1 28 10 16
0 0 2 23 8 16
0 0 2 28 8 13
0 0 2 28 8 16
0 0 2 28 10 16
0 0 7 29 2 3
0 0 8 26 1 3
0 0 8 29 2 4
0 0 9 27 1 2
0 0 10 24 2 3
0 0 24 28 0 0
0 0 25 28 1 0
0 1 2 9 9 3
0 1 2 23 9 16
0 1 2 26 7 13
0 1 2 27 9 15
0 1 2 27 10 15
0 1 3 25 8 14
0 1 3 26 9 16
0 1 8 27 3 4
0 1 8 28 3 3
0 1 9 7 2 1
0 1 9 8 2 1
0 1 9 26 1 2
0 1 10 9 2 0
0 1 25 29 1 1
0 2 2 9 9 2
0 2 2 9 10 4
0 2 3 8 8 3
0 2 7 10 2 15
0 2 8 8 2 2
0 2 8 9 2 18
0 2 8 10 2 16
0 2 8 10 3 17
0 2 9 10 2 1
1 0 1 8 2 16
1 0 1 8 27 16
1 0 1 9 25 15
1 0 1 9 25 16
1 0 2 7 24 13
1 0 2 9 26 17
1 0 2 9 27 17
1 0 2 10 25 15
1 0 7 8 1 3
1 0 7 9 8 4
1 0 8 8 0 2
1 0 9 9 8 2
1 0 9 10 0 3
1 0 9 10 1 2
1 0 9 10 8 4
1 0 23 10 2 1
1 0 27 8 1 1
1 0 27 8 2 0
1 0 28 8 2 0
1 1 1 9 26 16
1 1 2 2 25 3
1 1 2 7 22 15
1 1 2 11 3 16
1 1 2 26 2 4
1 1 2 27 10 17
1 1 2 29 8 14
1 1 2 29 9 17
1 1 3 8 2 16
1 1 3 26 9 14
1 1 3 26 9 16
1 1 3 28 8 14
1 1 7 9 9 3
1 1 7 25 8 16
1 1 7 27 2 3
1 1 7 28 2 3
1 1 7 28 9 16
1 1 8 2 9 1
1 1 8 7 9 3
1 1 8 27 3 4
1 1 8 27 8 13
1 1 8 28 8 15
1 1 9 2 8 1
1 1 9 8 7 3
1 1 9 9 7 4
1 1 9 9 8 3
1 1 9 10 8 4
1 1 23 26 2 3
1 1 24 2 2 3
1 1 24 28 1 2
1 1 25 8 2 2
1 1 25 28 1 2
1 1 26 30 1 1
1 1 27 10 2 2
1 1 28 28 1 1
1 1 29 10 2 1
1 2 2 2 23 4
1 2 2 8 11 3
1 2 2 10 10 3
1 2 3 9 8 4
1 2 7 2 9 0
1 2 7 28 8 16
1 2 8 2 8 2
1 2 8 2 9 1
1 2 8 3 8 2
1 2 8 3 9 2
1 2 8 8 2 1
1 2 8 8 3 0
1 2 8 8 3 1
1 2 8 11 3 16
1 2 8 24 7 16
1 2 8 25 7 14
1 2 8 25 8 14
1 2 8 26 8 17
1 2 8 27 8 17
1 2 8 29 9 16
1 2 9 8 3 1
1 2 9 9 2 0
1 2 9 10 3 15
1 2 9 11 2 1
1 2 9 11 3 16
1 2 9 22 8 15
1 2 9 26 8 14
1 2 10 10 2 2
1 2 27 28 2 2
1 2 28 28 2 2
2 0 1 9 2 16
2 0 1 9 2 17
2 0 2 7 2 16
2 0 2 8 27 17
2 0 2 8 28 15
2 0 2 8 29 15
2 0 2 9 25 17
2 0 2 9 27 17
2 0 2 9 28 15
2 0 8 9 10 2
2 0 8 9 10 3
2 0 8 9 10 4
2 0 9 7 9 2
2 0 9 9 10 2
2 0 25 10 2 0
2 0 26 11 2 1
2 0 27 9 2 1
2 1 2 7 23 14
2 1 2 7 25 15
2 1 2 8 25 13
2 1 2 8 26 13
2 1 2 8 27 13
2 1 2 8 27 17
2 1 2 8 28 15
2 1 2 9 27 17
2 1 3 8 24 16
2 1 3 8 26 15
2 1 3 9 26 16
2 1 3 9 28 17
2 1 3 10 2 15
2 1 9 9 8 4
2 1 9 11 8 3
2 1 10 7 9 4
2 1 10 8 8 4
2 1 10 8 10 3
2 1 10 10 1 4
2 1 10 10 8 3
2 1 28 7 2 1
2 2 2 2 23 4
2 2 2 2 29 2
2 2 3 2 25 3
2 2 3 2 27 3
2 2 3 25 2 3
2 2 7 28 10 15
2 2 8 2 10 2
2 2 8 3 8 0
2 2 8 3 8 2
2 2 8 27 8 16
2 2 8 28 8 14
2 2 8 28 10 14
2 2 8 28 10 15
2 2 8 29 8 16
2 2 8 29 10 15
2 2 9 3 9 2
2 2 9 23 8 14
2 2 9 24 10 16
2 2 9 25 9 15
2 2 9 25 9 16
2 2 9 27 8 17
2 2 9 27 10 14
2 2 9 28 10 14
2 2 9 29 8 14
2 2 9 29 8 16
2 2 10 24 7 16
2 2 10 24 8 16
2 2 10 26 9 17
2 2 10 28 8 14
2 2 10 28 9 14
2 2 10 29 8 14
2 2 10 29 10 15
2 2 10 29 10 16
2 3 9 24 9 16
2 3 9 25 8 16
2 3 9 25 9 16
2 3 9 28 10 16
2 3 10 24 9 16
2 3 10 26 8 16
6 0 2 2 1 16
6 0 2 2 10 14
6 0 2 2 10 15
6 0 8 2 2 4
6 1 2 2 10 15
6 1 7 9 27 15
6 1 26 2 7 1
6 2 7 8 26 15
6 2 7 9 27 15
6 2 8 9 24 16
6 2 8 10 25 15
6 2 8 10 26 16
6 2 25 10 8 3
6 2 26 10 7 3
6 7 26 27 8 14
7 0 1 2 8 14
7 0 2 2 8 17
7 0 2 3 11 15
7 0 8 1 2 3
7 0 8 2 1 4
7 0 8 2 29 2
7 0 8 2 29 3
7 0 8 3 2 3
7 0 24 2 7 1
7 0 24 3 8 1
7 0 26 2 8 1
7 0 28 2 9 1
7 1 1 2 8 16
7 1 2 2 9 15
7 1 7 2 26 4
7 1 7 2 28 4
7 1 7 9 27 15
7 1 8 2 29 3
7 1 8 3 26 4
7 1 8 3 28 3
7 1 8 3 28 4
7 1 8 9 27 14
7 1 8 10 2 0
7 1 9 2 2 4
7 1 9 2 24 4
7 1 9 2 26 3
7 1 9 2 29 3
7 1 9 8 2 1
7 1 25 2 9 1
7 1 26 2 8 2
7 1 27 3 9 1
7 1 28 3 8 1
7 1 29 2 8 1
7 2 7 8 26 16
7 2 8 8 25 17
7 2 8 9 29 15
7 2 8 10 26 15
7 2 8 10 28 14
7 2 8 10 28 17
7 2 9 10 29 16
7 2 24 8 7 3
7 2 25 9 8 3
7 2 25 10 8 2
7 2 26 9 7 4
7 2 27 8 8 2
7 2 28 8 7 3
7 7 25 24 8 15
7 7 25 27 8 14
7 7 27 25 8 15
7 8 24 27 9 15
7 8 25 28 9 17
7 8 25 29 9 15
7 8 26 26 8 13
7 8 28 27 9 15
7 8 28 28 9 14
8 0 1 2 9 16
8 0 2 1 8 13
8 0 2 2 8 16
8 0 8 1 2 4
8 0 8 1 22 3
8 0 8 1 25 3
8 0 9 1 2 4
8 0 9 1 24 2
8 0 9 1 25 3
8 0 9 3 27 3
8 0 24 1 9 1
8 0 25 1 8 0
8 0 27 2 7 1
8 0 27 3 8 0
8 0 29 2 9 0
8 1 2 1 7 14
8 1 2 1 10 4
8 1 2 2 10 14
8 1 2 9 1 3
8 1 2 9 1 4
8 1 3 2 9 16
8 1 3 2 10 15
8 1 8 2 27 2
8 1 8 2 28 4
8 1 8 8 26 15
8 1 9 2 23 4
8 1 9 3 2 4
8 1 9 3 27 3
8 1 10 2 2 2
8 1 24 3 9 1
8 1 24 9 9 3
8 1 25 2 9 2
8 1 25 7 9 2
8 2 7 8 25 15
8 2 7 9 27 16
8 2 8 8 23 15
8 2 8 9 24 16
8 2 8 9 30 15
8 2 8 10 2 2
8 2 9 10 26 17
8 2 9 10 27 15
8 2 9 10 27 18
8 2 10 8 26 15
8 2 10 9 27 14
8 2 10 10 25 15
8 2 24 8 10 3
8 2 24 10 8 4
8 2 26 8 10 4
8 2 27 8 7 3
8 2 27 10 8 2
8 2 27 10 8 4
8 2 28 7 9 3
8 2 28 10 8 3
8 2 29 9 10 4
8 2 30 9 8 3
8 2 30 10 8 3
8 3 10 8 25 15
8 3 27 9 9 4
8 3 27 10 9 4
8 3 28 10 8 3
8 7 25 28 9 14
8 7 27 27 9 14
8 8 23 26 8 15
8 8 23 26 9 15
8 8 23 27 9 16
8 8 23 28 9 16
8 8 24 24 8 15
8 8 24 26 8 16
8 8 24 27 8 14
8 8 24 29 9 15
8 8 25 24 9 14
8 8 25 28 9 17
8 8 25 29 8 15
8 8 26 26 8 13
8 8 26 28 9 17
8 8 27 28 10 15
8 8 28 24 9 15
8 8 28 28 8 14
8 9 25 29 9 15
9 0 1 2 1 15
9 0 2 1 1 15
9 0 2 2 7 17
9 0 2 2 9 16
9 0 8 2 3 4
9 0 9 2 29 3
9 0 10 2 25 3
9 0 10 2 26 2
9 0 10 2 27 2
9 0 28 2 8 0
9 1 2 2 7 14
9 1 8 2 2 2
9 1 8 2 2 4
9 1 8 3 2 3
9 1 9 2 30 3
9 1 9 2 30 4
9 1 9 8 3 1
9 1 10 1 25 3
9 1 10 2 29 4
9 1 23 2 9 1
9 1 24 2 8 2
9 1 25 3 10 1
9 1 26 2 10 2
9 1 26 3 9 1
9 1 29 2 8 0
9 2 8 7 25 14
9 2 8 8 3 1
9 2 8 8 28 16
9 2 8 9 27 14
9 2 8 9 29 16
9 2 9 7 27 14
9 2 9 8 26 16
9 2 9 8 28 16
9 2 9 9 24 15
9 2 9 9 25 15
9 2 9 9 26 15
9 2 9 9 26 16
9 2 9 9 27 16
9 2 9 9 27 17
9 2 9 10 28 16
9 2 9 10 30 16
9 2 10 8 3 1
9 2 10 8 23 15
9 2 25 7 8 3
9 2 26 8 10 2
9 2 28 8 8 4
9 2 28 9 9 2
9 2 30 8 9 3
9 2 30 9 8 3
9 3 10 8 27 15
9 3 10 10 29 16
9 8 24 26 10 15
9 8 24 30 10 16
9 8 25 25 10 16
9 8 27 24 9 15
9 8 27 25 9 16
9 8 27 26 9 16
9 8 27 27 10 14
9 8 27 28 10 15
9 9 23 26 9 16
9 9 24 27 10 16
9 9 25 27 10 17
9 9 27 28 9 14
9 9 27 29 9 17
9 9 28 25 10 17
9 9 29 29 9 15
10 0 2 2 9 14
10 0 9 1 25 3
10 0 9 2 24 3
10 0 9 2 26 3
10 0 10 2 27 3
10 0 27 1 9 0
10 1 2 2 1 15
10 1 3 2 9 16
10 1 8 2 28 4
10 1 8 3 2 3
10 1 9 3 29 4
10 1 11 2 28 3
10 1 26 3 10 1
10 1 27 2 10 2
10 1 28 2 10 0
10 2 9 8 25 14
10 2 9 8 26 15
10 2 9 8 27 15
10 2 9 9 26 17
10 2 9 9 27 15
10 2 10 8 25 15
10 2 10 8 26 14
10 2 10 8 27 15
10 2 25 8 10 4
10 2 26 7 9 3
10 2 26 9 10 3
10 2 29 9 9 3
10 3 10 9 28 16
10 3 28 9 10 3
10 8 28 27 10 15
10 9 25 25 9 15
10 9 25 25 10 15
10 9 26 26 10 16
10 9 26 27 9 14
10 9 26 27 9 16
10 9 27 29 10 15
10 9 28 27 10 14
11 1 25 2 10 1
11 2 8 8 2 1
